     60.0000     60.0000     60.0000     60.0000     60.0000     60.0000     60.0000     60.0000     60.0000     60.0000     60.0000
     60.0000     60.0000     60.0000     60.0000     60.0000     60.0000     60.0000     60.0000     60.0000     60.0000     60.0000
     60.0000     60.0000     60.0000     60.0000     60.0000     60.0000     60.0000     60.0000     60.0000     60.0000     60.0000
     60.0000     60.0000     60.0000     60.0000     60.0000     60.0000     60.0000     60.0000     60.0000     60.0000     60.0000
     60.0000     60.0000     60.0000     60.0000     60.0000     60.0000     60.0000     60.0000     60.0000     60.0000     60.0000
     60.0000     60.0000     60.0000     60.0000     60.0000     60.0000     60.0000     60.0000     60.0000     60.0000     60.0000
     60.0000     60.0000     60.0000     60.0000     60.0000     60.0000     60.0000     60.0000     60.0000     60.0000     60.0000
     60.0000     60.0000     60.0000     60.0000     60.0000     60.0000     60.0000     60.0000     60.0000     60.0000     60.0000
     60.0000     60.0000     60.0000     60.0000     60.0000     60.0000     60.0000     60.0000     60.0000     60.0000     60.0000
     60.0000     60.0000     60.0000     60.0000     60.0000     60.0000     60.0000     60.0000     60.0000     60.0000     60.0000
     60.0000     60.0000     60.0000     60.0000     60.0000     60.0000     60.0000     60.0000     60.0000     60.0000     60.0000
     60.0000     60.0000     60.0000     60.0000     60.0000     60.0000     60.0000     60.0000     60.0000     60.0000     60.0000
     60.0000     60.0002     60.0003     60.0004     60.0005     60.0005     60.0005     60.0004     60.0003     60.0002     60.0000
     60.0000     60.0003     60.0006     60.0008     60.0009     60.0009     60.0009     60.0008     60.0006     60.0003     60.0000
     60.0000     60.0004     60.0008     60.0011     60.0012     60.0013     60.0012     60.0011     60.0008     60.0004     60.0000
     60.0000     60.0005     60.0009     60.0012     60.0014     60.0015     60.0014     60.0012     60.0009     60.0005     60.0000
     60.0000     60.0005     60.0009     60.0013     60.0015     60.0016     60.0015     60.0013     60.0010     60.0005     60.0000
     60.0000     60.0005     60.0009     60.0012     60.0014     60.0015     60.0014     60.0012     60.0009     60.0005     60.0000
     60.0000     60.0004     60.0008     60.0011     60.0012     60.0013     60.0012     60.0011     60.0008     60.0004     60.0000
     60.0000     60.0003     60.0006     60.0008     60.0009     60.0010     60.0009     60.0008     60.0006     60.0003     60.0000
     60.0000     60.0002     60.0003     60.0004     60.0005     60.0005     60.0005     60.0004     60.0003     60.0002     60.0000
     60.0000     60.0000     60.0000     60.0000     60.0000     60.0000     60.0000     60.0000     60.0000     60.0000     60.0000
     60.0000     60.0000     60.0000     60.0000     60.0000     60.0000     60.0000     60.0000     60.0000     60.0000     60.0000
     60.0000     60.0005     60.0009     60.0012     60.0014     60.0015     60.0014     60.0012     60.0009     60.0005     60.0000
     60.0000     60.0009     60.0017     60.0023     60.0026     60.0028     60.0026     60.0023     60.0017     60.0009     60.0000
     60.0000     60.0012     60.0023     60.0031     60.0035     60.0037     60.0035     60.0031     60.0023     60.0012     60.0000
     60.0000     60.0014     60.0026     60.0035     60.0041     60.0043     60.0041     60.0036     60.0026     60.0014     60.0000
     60.0000     60.0015     60.0028     60.0037     60.0043     60.0044     60.0043     60.0037     60.0028     60.0015     60.0000
     60.0000     60.0014     60.0026     60.0035     60.0041     60.0043     60.0041     60.0036     60.0027     60.0014     60.0000
     60.0000     60.0012     60.0023     60.0031     60.0036     60.0037     60.0036     60.0031     60.0023     60.0012     60.0000
     60.0000     60.0009     60.0017     60.0023     60.0026     60.0028     60.0027     60.0023     60.0017     60.0009     60.0000
     60.0000     60.0005     60.0009     60.0012     60.0014     60.0015     60.0014     60.0012     60.0009     60.0005     60.0000
     60.0000     60.0000     60.0000     60.0000     60.0000     60.0000     60.0000     60.0000     60.0000     60.0000     60.0000
     60.0000     60.0000     60.0000     60.0000     60.0000     60.0000     60.0000     60.0000     60.0000     60.0000     60.0000
     60.0000     60.0013     60.0024     60.0032     60.0036     60.0038     60.0036     60.0032     60.0024     60.0013     60.0000
     60.0000     60.0024     60.0044     60.0058     60.0067     60.0069     60.0067     60.0058     60.0044     60.0024     60.0000
     60.0000     60.0032     60.0058     60.0078     60.0089     60.0093     60.0089     60.0078     60.0059     60.0032     60.0000
     60.0000     60.0036     60.0067     60.0089     60.0102     60.0106     60.0102     60.0089     60.0067     60.0036     60.0000
     60.0000     60.0038     60.0069     60.0093     60.0106     60.0110     60.0106     60.0093     60.0070     60.0038     60.0000
     60.0000     60.0036     60.0067     60.0089     60.0102     60.0106     60.0102     60.0089     60.0067     60.0036     60.0000
     60.0000     60.0032     60.0058     60.0078     60.0089     60.0093     60.0089     60.0078     60.0059     60.0032     60.0000
     60.0000     60.0024     60.0044     60.0059     60.0067     60.0070     60.0067     60.0059     60.0044     60.0024     60.0000
     60.0000     60.0013     60.0024     60.0032     60.0036     60.0038     60.0036     60.0032     60.0024     60.0013     60.0000
     60.0000     60.0000     60.0000     60.0000     60.0000     60.0000     60.0000     60.0000     60.0000     60.0000     60.0000
     60.0000     60.0000     60.0000     60.0000     60.0000     60.0000     60.0000     60.0000     60.0000     60.0000     60.0000
     60.0000     60.0034     60.0062     60.0081     60.0091     60.0094     60.0091     60.0081     60.0062     60.0034     60.0000
     60.0000     60.0062     60.0113     60.0147     60.0167     60.0173     60.0167     60.0147     60.0113     60.0062     60.0000
     60.0000     60.0081     60.0147     60.0193     60.0219     60.0227     60.0219     60.0193     60.0148     60.0081     60.0000
     60.0000     60.0091     60.0167     60.0219     60.0248     60.0257     60.0248     60.0219     60.0167     60.0091     60.0000
     60.0000     60.0094     60.0173     60.0227     60.0257     60.0266     60.0257     60.0227     60.0173     60.0094     60.0000
     60.0000     60.0091     60.0167     60.0219     60.0248     60.0257     60.0248     60.0219     60.0167     60.0091     60.0000
     60.0000     60.0081     60.0147     60.0193     60.0219     60.0227     60.0219     60.0193     60.0147     60.0081     60.0000
     60.0000     60.0062     60.0113     60.0148     60.0167     60.0173     60.0167     60.0147     60.0112     60.0062     60.0000
     60.0000     60.0034     60.0062     60.0081     60.0091     60.0094     60.0091     60.0081     60.0062     60.0034     60.0000
     60.0000     60.0000     60.0000     60.0000     60.0000     60.0000     60.0000     60.0000     60.0000     60.0000     60.0000
     60.0000     60.0000     60.0000     60.0000     60.0000     60.0000     60.0000     60.0000     60.0000     60.0000     60.0000
     60.0000     60.0091     60.0163     60.0208     60.0231     60.0238     60.0231     60.0208     60.0163     60.0091     60.0000
     60.0000     60.0163     60.0291     60.0373     60.0415     60.0428     60.0415     60.0373     60.0291     60.0163     60.0000
     60.0000     60.0208     60.0373     60.0479     60.0534     60.0551     60.0535     60.0480     60.0373     60.0208     60.0000
     60.0000     60.0231     60.0415     60.0534     60.0596     60.0615     60.0597     60.0535     60.0415     60.0231     60.0000
     60.0000     60.0238     60.0428     60.0551     60.0615     60.0635     60.0615     60.0551     60.0428     60.0238     60.0000
     60.0000     60.0231     60.0415     60.0535     60.0597     60.0615     60.0597     60.0535     60.0415     60.0231     60.0000
     60.0000     60.0208     60.0373     60.0480     60.0535     60.0551     60.0535     60.0479     60.0373     60.0208     60.0000
     60.0000     60.0163     60.0291     60.0373     60.0415     60.0428     60.0415     60.0373     60.0291     60.0163     60.0000
     60.0000     60.0091     60.0163     60.0208     60.0231     60.0238     60.0231     60.0208     60.0163     60.0091     60.0000
     60.0000     60.0000     60.0000     60.0000     60.0000     60.0000     60.0000     60.0000     60.0000     60.0000     60.0000
     60.0000     60.0000     60.0000     60.0000     60.0000     60.0000     60.0000     60.0000     60.0000     60.0000     60.0000
     60.0000     60.0256     60.0443     60.0548     60.0596     60.0609     60.0596     60.0548     60.0443     60.0257     60.0000
     60.0000     60.0443     60.0768     60.0954     60.1040     60.1064     60.1040     60.0954     60.0768     60.0443     60.0000
     60.0000     60.0548     60.0954     60.1189     60.1300     60.1331     60.1300     60.1189     60.0954     60.0548     60.0000
     60.0000     60.0596     60.1040     60.1300     60.1423     60.1458     60.1423     60.1300     60.1040     60.0596     60.0000
     60.0000     60.0609     60.1064     60.1331     60.1458     60.1494     60.1458     60.1331     60.1064     60.0609     60.0000
     60.0000     60.0596     60.1040     60.1300     60.1423     60.1458     60.1423     60.1300     60.1040     60.0596     60.0000
     60.0000     60.0548     60.0954     60.1189     60.1300     60.1331     60.1300     60.1189     60.0954     60.0548     60.0000
     60.0000     60.0443     60.0768     60.0954     60.1040     60.1064     60.1040     60.0954     60.0768     60.0443     60.0000
     60.0000     60.0257     60.0443     60.0548     60.0596     60.0609     60.0596     60.0548     60.0443     60.0257     60.0000
     60.0000     60.0000     60.0000     60.0000     60.0000     60.0000     60.0000     60.0000     60.0000     60.0000     60.0000
     60.0000     60.0000     60.0000     60.0000     60.0000     60.0000     60.0000     60.0000     60.0000     60.0000     60.0000
     60.0000     60.0770     60.1256     60.1483     60.1572     60.1594     60.1572     60.1484     60.1256     60.0770     60.0000
     60.0000     60.1256     60.2067     60.2458     60.2614     60.2654     60.2614     60.2458     60.2067     60.1256     60.0000
     60.0000     60.1483     60.2458     60.2939     60.3135     60.3186     60.3135     60.2939     60.2458     60.1483     60.0000
     60.0000     60.1572     60.2614     60.3135     60.3350     60.3406     60.3350     60.3135     60.2614     60.1572     60.0000
     60.0000     60.1594     60.2654     60.3186     60.3406     60.3464     60.3406     60.3186     60.2654     60.1594     60.0000
     60.0000     60.1572     60.2614     60.3135     60.3350     60.3406     60.3350     60.3135     60.2614     60.1572     60.0000
     60.0000     60.1484     60.2458     60.2939     60.3135     60.3186     60.3135     60.2939     60.2458     60.1483     60.0000
     60.0000     60.1256     60.2067     60.2458     60.2614     60.2654     60.2614     60.2458     60.2067     60.1256     60.0000
     60.0000     60.0770     60.1256     60.1483     60.1572     60.1594     60.1572     60.1483     60.1256     60.0770     60.0000
     60.0000     60.0000     60.0000     60.0000     60.0000     60.0000     60.0000     60.0000     60.0000     60.0000     60.0000
     60.0000     60.0000     60.0000     60.0000     60.0000     60.0000     60.0000     60.0000     60.0000     60.0000     60.0000
     60.0000     60.2559     60.3776     60.4195     60.4326     60.4355     60.4326     60.4195     60.3776     60.2559     60.0000
     60.0000     60.3776     60.5668     60.6359     60.6583     60.6635     60.6583     60.6360     60.5668     60.3776     60.0000
     60.0000     60.4195     60.6359     60.7181     60.7457     60.7521     60.7457     60.7181     60.6359     60.4195     60.0000
     60.0000     60.4326     60.6583     60.7457     60.7755     60.7826     60.7755     60.7457     60.6583     60.4326     60.0000
     60.0000     60.4355     60.6635     60.7521     60.7826     60.7899     60.7826     60.7521     60.6635     60.4355     60.0000
     60.0000     60.4326     60.6583     60.7457     60.7755     60.7826     60.7755     60.7457     60.6583     60.4326     60.0000
     60.0000     60.4195     60.6360     60.7181     60.7457     60.7521     60.7457     60.7181     60.6359     60.4195     60.0000
     60.0000     60.3776     60.5668     60.6359     60.6583     60.6635     60.6583     60.6359     60.5668     60.3776     60.0000
     60.0000     60.2559     60.3776     60.4195     60.4326     60.4355     60.4326     60.4195     60.3776     60.2559     60.0000
     60.0000     60.0000     60.0000     60.0000     60.0000     60.0000     60.0000     60.0000     60.0000     60.0000     60.0000
     60.0000     60.0000     60.0000     60.0000     60.0000     60.0000     60.0000     60.0000     60.0000     60.0000     60.0000
     60.0000     60.9831     61.2168     61.2661     61.2778     61.2802     61.2778     61.2661     61.2168     60.9832     60.0000
     60.0000     61.2168     61.5440     61.6213     61.6410     61.6451     61.6410     61.6213     61.5440     61.2167     60.0000
     60.0000     61.2661     61.6213     61.7102     61.7339     61.7389     61.7339     61.7102     61.6213     61.2661     60.0000
     60.0000     61.2778     61.6410     61.7339     61.7594     61.7648     61.7594     61.7339     61.6410     61.2778     60.0000
     60.0000     61.2802     61.6451     61.7389     61.7648     61.7704     61.7648     61.7389     61.6451     61.2802     60.0000
     60.0000     61.2778     61.6410     61.7339     61.7594     61.7648     61.7594     61.7339     61.6410     61.2778     60.0000
     60.0000     61.2661     61.6213     61.7102     61.7339     61.7389     61.7339     61.7102     61.6213     61.2661     60.0000
     60.0000     61.2168     61.5440     61.6213     61.6410     61.6451     61.6410     61.6213     61.5440     61.2168     60.0000
     60.0000     60.9832     61.2167     61.2661     61.2778     61.2802     61.2778     61.2661     61.2168     60.9832     60.0000
     60.0000     60.0000     60.0000     60.0000     60.0000     60.0000     60.0000     60.0000     60.0000     60.0000     60.0000
     63.9138     63.9138     63.9138     63.9138     63.9138     63.9138     63.9138     63.9138     63.9138     63.9138     63.9138
     63.9138     63.9138     63.9138     63.9138     63.9138     63.9138     63.9138     63.9138     63.9138     63.9138     63.9138
     63.9138     63.9138     63.9138     63.9138     63.9138     63.9138     63.9138     63.9138     63.9138     63.9138     63.9138
     63.9138     63.9138     63.9138     63.9138     63.9138     63.9138     63.9138     63.9138     63.9138     63.9138     63.9138
     63.9138     63.9138     63.9138     63.9138     63.9138     63.9138     63.9138     63.9138     63.9138     63.9138     63.9138
     63.9138     63.9138     63.9138     63.9138     63.9138     63.9138     63.9138     63.9138     63.9138     63.9138     63.9138
     63.9138     63.9138     63.9138     63.9138     63.9138     63.9138     63.9138     63.9138     63.9138     63.9138     63.9138
     63.9138     63.9138     63.9138     63.9138     63.9138     63.9138     63.9138     63.9138     63.9138     63.9138     63.9138
     63.9138     63.9138     63.9138     63.9138     63.9138     63.9138     63.9138     63.9138     63.9138     63.9138     63.9138
     63.9138     63.9138     63.9138     63.9138     63.9138     63.9138     63.9138     63.9138     63.9138     63.9138     63.9138
     63.9138     63.9138     63.9138     63.9138     63.9138     63.9138     63.9138     63.9138     63.9138     63.9138     63.9138
     60.0000     60.0000     60.0000     60.0000     60.0000     60.0000     60.0000     60.0000     60.0000     60.0000     60.0000
     60.0000     60.0000     60.0000     60.0000     60.0000     60.0000     60.0000     60.0000     60.0000     60.0000     60.0000
     60.0000     60.0000     60.0000     60.0000     60.0000     60.0000     60.0000     60.0000     60.0000     60.0000     60.0000
     60.0000     60.0000     60.0000     60.0000     60.0000     60.0000     60.0000     60.0000     60.0000     60.0000     60.0000
     60.0000     60.0000     60.0000     60.0000     60.0000     60.0000     60.0000     60.0000     60.0000     60.0000     60.0000
     60.0000     60.0000     60.0000     60.0000     60.0000     60.0000     60.0000     60.0000     60.0000     60.0000     60.0000
     60.0000     60.0000     60.0000     60.0000     60.0000     60.0000     60.0000     60.0000     60.0000     60.0000     60.0000
     60.0000     60.0000     60.0000     60.0000     60.0000     60.0000     60.0000     60.0000     60.0000     60.0000     60.0000
     60.0000     60.0000     60.0000     60.0000     60.0000     60.0000     60.0000     60.0000     60.0000     60.0000     60.0000
     60.0000     60.0000     60.0000     60.0000     60.0000     60.0000     60.0000     60.0000     60.0000     60.0000     60.0000
     60.0000     60.0000     60.0000     60.0000     60.0000     60.0000     60.0000     60.0000     60.0000     60.0000     60.0000
     60.0000     60.0000     60.0000     60.0000     60.0000     60.0000     60.0000     60.0000     60.0000     60.0000     60.0000
     60.0000     60.0008     60.0015     60.0021     60.0024     60.0025     60.0024     60.0021     60.0015     60.0008     60.0000
     60.0000     60.0015     60.0028     60.0039     60.0045     60.0047     60.0045     60.0038     60.0028     60.0015     60.0000
     60.0000     60.0021     60.0039     60.0052     60.0061     60.0063     60.0061     60.0052     60.0039     60.0021     60.0000
     60.0000     60.0024     60.0045     60.0061     60.0070     60.0074     60.0070     60.0061     60.0045     60.0024     60.0000
     60.0000     60.0025     60.0047     60.0063     60.0074     60.0077     60.0074     60.0064     60.0047     60.0025     60.0000
     60.0000     60.0024     60.0045     60.0061     60.0070     60.0074     60.0070     60.0061     60.0045     60.0024     60.0000
     60.0000     60.0021     60.0038     60.0052     60.0061     60.0064     60.0061     60.0052     60.0039     60.0021     60.0000
     60.0000     60.0015     60.0028     60.0039     60.0045     60.0047     60.0045     60.0039     60.0029     60.0015     60.0000
     60.0000     60.0008     60.0015     60.0021     60.0024     60.0025     60.0024     60.0021     60.0015     60.0008     60.0000
     60.0000     60.0000     60.0000     60.0000     60.0000     60.0000     60.0000     60.0000     60.0000     60.0000     60.0000
     60.0000     60.0000     60.0000     60.0000     60.0000     60.0000     60.0000     60.0000     60.0000     60.0000     60.0000
     60.0000     60.0023     60.0042     60.0056     60.0065     60.0068     60.0065     60.0056     60.0042     60.0022     60.0000
     60.0000     60.0042     60.0078     60.0106     60.0122     60.0128     60.0122     60.0106     60.0079     60.0042     60.0000
     60.0000     60.0056     60.0106     60.0143     60.0165     60.0172     60.0165     60.0143     60.0106     60.0057     60.0000
     60.0000     60.0065     60.0122     60.0165     60.0191     60.0199     60.0191     60.0165     60.0122     60.0065     60.0000
     60.0000     60.0068     60.0128     60.0172     60.0199     60.0209     60.0200     60.0173     60.0128     60.0068     60.0000
     60.0000     60.0065     60.0122     60.0165     60.0191     60.0200     60.0191     60.0165     60.0123     60.0066     60.0000
     60.0000     60.0056     60.0106     60.0143     60.0165     60.0173     60.0165     60.0143     60.0106     60.0057     60.0000
     60.0000     60.0042     60.0079     60.0106     60.0122     60.0128     60.0123     60.0106     60.0079     60.0042     60.0000
     60.0000     60.0022     60.0042     60.0057     60.0065     60.0068     60.0066     60.0057     60.0042     60.0023     60.0000
     60.0000     60.0000     60.0000     60.0000     60.0000     60.0000     60.0000     60.0000     60.0000     60.0000     60.0000
     60.0000     60.0000     60.0000     60.0000     60.0000     60.0000     60.0000     60.0000     60.0000     60.0000     60.0000
     60.0000     60.0055     60.0101     60.0135     60.0155     60.0162     60.0156     60.0136     60.0101     60.0055     60.0000
     60.0000     60.0101     60.0188     60.0252     60.0289     60.0301     60.0289     60.0252     60.0188     60.0102     60.0000
     60.0000     60.0135     60.0252     60.0337     60.0387     60.0403     60.0387     60.0337     60.0252     60.0136     60.0000
     60.0000     60.0155     60.0289     60.0387     60.0444     60.0464     60.0445     60.0387     60.0289     60.0156     60.0000
     60.0000     60.0162     60.0301     60.0403     60.0464     60.0483     60.0464     60.0404     60.0301     60.0162     60.0000
     60.0000     60.0156     60.0289     60.0387     60.0445     60.0464     60.0445     60.0387     60.0289     60.0156     60.0000
     60.0000     60.0136     60.0252     60.0337     60.0387     60.0404     60.0387     60.0337     60.0252     60.0136     60.0000
     60.0000     60.0101     60.0188     60.0252     60.0289     60.0301     60.0289     60.0252     60.0189     60.0102     60.0000
     60.0000     60.0055     60.0102     60.0136     60.0156     60.0162     60.0156     60.0136     60.0102     60.0055     60.0000
     60.0000     60.0000     60.0000     60.0000     60.0000     60.0000     60.0000     60.0000     60.0000     60.0000     60.0000
     60.0000     60.0000     60.0000     60.0000     60.0000     60.0000     60.0000     60.0000     60.0000     60.0000     60.0000
     60.0000     60.0132     60.0242     60.0318     60.0361     60.0375     60.0361     60.0318     60.0242     60.0132     60.0000
     60.0000     60.0242     60.0443     60.0585     60.0665     60.0690     60.0665     60.0585     60.0443     60.0242     60.0000
     60.0000     60.0318     60.0585     60.0772     60.0879     60.0912     60.0879     60.0772     60.0585     60.0318     60.0000
     60.0000     60.0361     60.0665     60.0879     60.1000     60.1039     60.1001     60.0879     60.0665     60.0362     60.0000
     60.0000     60.0375     60.0690     60.0912     60.1039     60.1080     60.1040     60.0913     60.0690     60.0375     60.0000
     60.0000     60.0361     60.0665     60.0879     60.1001     60.1040     60.1001     60.0879     60.0665     60.0361     60.0000
     60.0000     60.0318     60.0585     60.0772     60.0879     60.0913     60.0879     60.0773     60.0585     60.0318     60.0000
     60.0000     60.0242     60.0443     60.0585     60.0665     60.0690     60.0665     60.0585     60.0443     60.0242     60.0000
     60.0000     60.0132     60.0242     60.0318     60.0362     60.0375     60.0361     60.0318     60.0242     60.0132     60.0000
     60.0000     60.0000     60.0000     60.0000     60.0000     60.0000     60.0000     60.0000     60.0000     60.0000     60.0000
     60.0000     60.0000     60.0000     60.0000     60.0000     60.0000     60.0000     60.0000     60.0000     60.0000     60.0000
     60.0000     60.0322     60.0580     60.0749     60.0838     60.0865     60.0838     60.0749     60.0580     60.0322     60.0000
     60.0000     60.0580     60.1046     60.1353     60.1516     60.1566     60.1516     60.1353     60.1046     60.0580     60.0000
     60.0000     60.0749     60.1353     60.1754     60.1968     60.2035     60.1969     60.1754     60.1353     60.0749     60.0000
     60.0000     60.0838     60.1516     60.1968     60.2212     60.2287     60.2212     60.1969     60.1516     60.0838     60.0000
     60.0000     60.0865     60.1566     60.2035     60.2287     60.2365     60.2287     60.2035     60.1566     60.0865     60.0000
     60.0000     60.0838     60.1516     60.1969     60.2212     60.2287     60.2212     60.1969     60.1516     60.0838     60.0000
     60.0000     60.0749     60.1353     60.1754     60.1969     60.2035     60.1969     60.1754     60.1353     60.0749     60.0000
     60.0000     60.0580     60.1046     60.1353     60.1516     60.1566     60.1516     60.1353     60.1046     60.0580     60.0000
     60.0000     60.0322     60.0580     60.0749     60.0838     60.0865     60.0838     60.0749     60.0580     60.0322     60.0000
     60.0000     60.0000     60.0000     60.0000     60.0000     60.0000     60.0000     60.0000     60.0000     60.0000     60.0000
     60.0000     60.0000     60.0000     60.0000     60.0000     60.0000     60.0000     60.0000     60.0000     60.0000     60.0000
     60.0000     60.0814     60.1422     60.1780     60.1951     60.2001     60.1951     60.1780     60.1422     60.0814     60.0000
     60.0000     60.1422     60.2493     60.3132     60.3442     60.3532     60.3442     60.3132     60.2493     60.1422     60.0000
     60.0000     60.1780     60.3132     60.3950     60.4352     60.4469     60.4352     60.3950     60.3132     60.1780     60.0000
     60.0000     60.1951     60.3442     60.4352     60.4803     60.4935     60.4803     60.4352     60.3442     60.1951     60.0000
     60.0000     60.2001     60.3532     60.4469     60.4935     60.5071     60.4935     60.4469     60.3532     60.2001     60.0000
     60.0000     60.1951     60.3442     60.4352     60.4803     60.4935     60.4803     60.4352     60.3442     60.1951     60.0000
     60.0000     60.1780     60.3132     60.3950     60.4352     60.4469     60.4352     60.3951     60.3132     60.1780     60.0000
     60.0000     60.1422     60.2493     60.3132     60.3442     60.3532     60.3442     60.3132     60.2493     60.1422     60.0000
     60.0000     60.0814     60.1422     60.1780     60.1951     60.2001     60.1951     60.1780     60.1422     60.0814     60.0000
     60.0000     60.0000     60.0000     60.0000     60.0000     60.0000     60.0000     60.0000     60.0000     60.0000     60.0000
     60.0000     60.0000     60.0000     60.0000     60.0000     60.0000     60.0000     60.0000     60.0000     60.0000     60.0000
     60.0000     60.2174     60.3602     60.4312     60.4607     60.4684     60.4607     60.4312     60.3602     60.2174     60.0000
     60.0000     60.3602     60.6017     60.7250     60.7773     60.7913     60.7773     60.7251     60.6017     60.3602     60.0000
     60.0000     60.4312     60.7250     60.8786     60.9451     60.9631     60.9451     60.8786     60.7251     60.4312     60.0000
     60.0000     60.4607     60.7773     60.9451     61.0187     61.0388     61.0187     60.9451     60.7773     60.4607     60.0000
     60.0000     60.4684     60.7913     60.9631     61.0388     61.0595     61.0388     60.9631     60.7913     60.4685     60.0000
     60.0000     60.4607     60.7773     60.9451     61.0187     61.0388     61.0187     60.9451     60.7773     60.4607     60.0000
     60.0000     60.4312     60.7251     60.8786     60.9451     60.9631     60.9451     60.8787     60.7250     60.4312     60.0000
     60.0000     60.3602     60.6017     60.7251     60.7773     60.7913     60.7773     60.7250     60.6017     60.3602     60.0000
     60.0000     60.2174     60.3602     60.4312     60.4607     60.4685     60.4607     60.4312     60.3602     60.2174     60.0000
     60.0000     60.0000     60.0000     60.0000     60.0000     60.0000     60.0000     60.0000     60.0000     60.0000     60.0000
     60.0000     60.0000     60.0000     60.0000     60.0000     60.0000     60.0000     60.0000     60.0000     60.0000     60.0000
     60.0000     60.6389     60.9600     61.0802     61.1208     61.1305     61.1208     61.0802     60.9600     60.6389     60.0000
     60.0000     60.9600     61.4678     61.6686     61.7392     61.7563     61.7392     61.6686     61.4678     60.9600     60.0000
     60.0000     61.0802     61.6686     61.9104     61.9983     62.0201     61.9983     61.9104     61.6686     61.0802     60.0000
     60.0000     61.1208     61.7392     61.9983     62.0943     62.1184     62.0944     61.9983     61.7392     61.1208     60.0000
     60.0000     61.1305     61.7563     62.0201     62.1184     62.1431     62.1184     62.0201     61.7563     61.1305     60.0000
     60.0000     61.1208     61.7392     61.9983     62.0944     62.1184     62.0943     61.9983     61.7392     61.1208     60.0000
     60.0000     61.0802     61.6686     61.9104     61.9983     62.0201     61.9983     61.9104     61.6686     61.0802     60.0000
     60.0000     60.9600     61.4678     61.6686     61.7392     61.7563     61.7392     61.6686     61.4678     60.9600     60.0000
     60.0000     60.6389     60.9600     61.0802     61.1208     61.1305     61.1208     61.0802     60.9600     60.6389     60.0000
     60.0000     60.0000     60.0000     60.0000     60.0000     60.0000     60.0000     60.0000     60.0000     60.0000     60.0000
     60.0000     60.0000     60.0000     60.0000     60.0000     60.0000     60.0000     60.0000     60.0000     60.0000     60.0000
     60.0000     62.1740     62.7327     62.8642     62.8990     62.9064     62.8990     62.8642     62.7327     62.1740     60.0000
     60.0000     62.7327     63.5299     63.7394     63.7985     63.8115     63.7985     63.7394     63.5299     62.7327     60.0000
     60.0000     62.8642     63.7394     63.9834     64.0556     64.0720     64.0557     63.9834     63.7394     62.8642     60.0000
     60.0000     62.8990     63.7985     64.0556     64.1337     64.1516     64.1337     64.0556     63.7985     62.8990     60.0000
     60.0000     62.9064     63.8115     64.0720     64.1516     64.1699     64.1516     64.0720     63.8115     62.9064     60.0000
     60.0000     62.8990     63.7985     64.0557     64.1337     64.1516     64.1337     64.0557     63.7985     62.8990     60.0000
     60.0000     62.8642     63.7394     63.9834     64.0556     64.0720     64.0557     63.9834     63.7394     62.8642     60.0000
     60.0000     62.7327     63.5299     63.7394     63.7985     63.8115     63.7985     63.7394     63.5299     62.7327     60.0000
     60.0000     62.1740     62.7327     62.8642     62.8990     62.9064     62.8990     62.8642     62.7327     62.1740     60.0000
     60.0000     60.0000     60.0000     60.0000     60.0000     60.0000     60.0000     60.0000     60.0000     60.0000     60.0000
     67.7607     67.7607     67.7607     67.7607     67.7607     67.7607     67.7607     67.7607     67.7607     67.7607     67.7607
     67.7607     67.7607     67.7607     67.7607     67.7607     67.7607     67.7607     67.7607     67.7607     67.7607     67.7607
     67.7607     67.7607     67.7607     67.7607     67.7607     67.7607     67.7607     67.7607     67.7607     67.7607     67.7607
     67.7607     67.7607     67.7607     67.7607     67.7607     67.7607     67.7607     67.7607     67.7607     67.7607     67.7607
     67.7607     67.7607     67.7607     67.7607     67.7607     67.7607     67.7607     67.7607     67.7607     67.7607     67.7607
     67.7607     67.7607     67.7607     67.7607     67.7607     67.7607     67.7607     67.7607     67.7607     67.7607     67.7607
     67.7607     67.7607     67.7607     67.7607     67.7607     67.7607     67.7607     67.7607     67.7607     67.7607     67.7607
     67.7607     67.7607     67.7607     67.7607     67.7607     67.7607     67.7607     67.7607     67.7607     67.7607     67.7607
     67.7607     67.7607     67.7607     67.7607     67.7607     67.7607     67.7607     67.7607     67.7607     67.7607     67.7607
     67.7607     67.7607     67.7607     67.7607     67.7607     67.7607     67.7607     67.7607     67.7607     67.7607     67.7607
     67.7607     67.7607     67.7607     67.7607     67.7607     67.7607     67.7607     67.7607     67.7607     67.7607     67.7607
     60.0000     60.0000     60.0000     60.0000     60.0000     60.0000     60.0000     60.0000     60.0000     60.0000     60.0000
     60.0000     60.0000     60.0000     60.0000     60.0000     60.0000     60.0000     60.0000     60.0000     60.0000     60.0000
     60.0000     60.0000     60.0000     60.0000     60.0000     60.0000     60.0000     60.0000     60.0000     60.0000     60.0000
     60.0000     60.0000     60.0000     60.0000     60.0000     60.0000     60.0000     60.0000     60.0000     60.0000     60.0000
     60.0000     60.0000     60.0000     60.0000     60.0000     60.0000     60.0000     60.0000     60.0000     60.0000     60.0000
     60.0000     60.0000     60.0000     60.0000     60.0000     60.0000     60.0000     60.0000     60.0000     60.0000     60.0000
     60.0000     60.0000     60.0000     60.0000     60.0000     60.0000     60.0000     60.0000     60.0000     60.0000     60.0000
     60.0000     60.0000     60.0000     60.0000     60.0000     60.0000     60.0000     60.0000     60.0000     60.0000     60.0000
     60.0000     60.0000     60.0000     60.0000     60.0000     60.0000     60.0000     60.0000     60.0000     60.0000     60.0000
     60.0000     60.0000     60.0000     60.0000     60.0000     60.0000     60.0000     60.0000     60.0000     60.0000     60.0000
     60.0000     60.0000     60.0000     60.0000     60.0000     60.0000     60.0000     60.0000     60.0000     60.0000     60.0000
     60.0000     60.0000     60.0000     60.0000     60.0000     60.0000     60.0000     60.0000     60.0000     60.0000     60.0000
     60.0000     60.0022     60.0041     60.0056     60.0065     60.0068     60.0065     60.0056     60.0041     60.0022     60.0000
     60.0000     60.0041     60.0078     60.0106     60.0123     60.0129     60.0123     60.0106     60.0078     60.0041     60.0000
     60.0000     60.0056     60.0106     60.0143     60.0167     60.0175     60.0167     60.0143     60.0106     60.0056     60.0000
     60.0000     60.0065     60.0123     60.0167     60.0194     60.0203     60.0194     60.0167     60.0123     60.0065     60.0000
     60.0000     60.0068     60.0129     60.0175     60.0203     60.0213     60.0203     60.0175     60.0129     60.0068     60.0000
     60.0000     60.0065     60.0123     60.0167     60.0194     60.0203     60.0194     60.0167     60.0123     60.0065     60.0000
     60.0000     60.0056     60.0106     60.0143     60.0167     60.0175     60.0167     60.0144     60.0106     60.0056     60.0000
     60.0000     60.0041     60.0078     60.0106     60.0123     60.0129     60.0123     60.0106     60.0078     60.0041     60.0000
     60.0000     60.0022     60.0041     60.0056     60.0065     60.0068     60.0065     60.0056     60.0041     60.0022     60.0000
     60.0000     60.0000     60.0000     60.0000     60.0000     60.0000     60.0000     60.0000     60.0000     60.0000     60.0000
     60.0000     60.0000     60.0000     60.0000     60.0000     60.0000     60.0000     60.0000     60.0000     60.0000     60.0000
     60.0000     60.0058     60.0110     60.0148     60.0172     60.0179     60.0172     60.0148     60.0110     60.0058     60.0000
     60.0000     60.0110     60.0205     60.0278     60.0322     60.0337     60.0322     60.0278     60.0205     60.0110     60.0000
     60.0000     60.0148     60.0278     60.0376     60.0436     60.0456     60.0436     60.0376     60.0278     60.0148     60.0000
     60.0000     60.0172     60.0322     60.0436     60.0505     60.0529     60.0505     60.0436     60.0322     60.0172     60.0000
     60.0000     60.0179     60.0337     60.0456     60.0529     60.0553     60.0529     60.0456     60.0337     60.0180     60.0000
     60.0000     60.0172     60.0322     60.0436     60.0505     60.0529     60.0506     60.0436     60.0322     60.0172     60.0000
     60.0000     60.0148     60.0278     60.0376     60.0436     60.0456     60.0436     60.0376     60.0278     60.0148     60.0000
     60.0000     60.0110     60.0205     60.0278     60.0322     60.0337     60.0322     60.0278     60.0206     60.0110     60.0000
     60.0000     60.0058     60.0110     60.0148     60.0172     60.0180     60.0172     60.0148     60.0110     60.0059     60.0000
     60.0000     60.0000     60.0000     60.0000     60.0000     60.0000     60.0000     60.0000     60.0000     60.0000     60.0000
     60.0000     60.0000     60.0000     60.0000     60.0000     60.0000     60.0000     60.0000     60.0000     60.0000     60.0000
     60.0000     60.0134     60.0250     60.0335     60.0386     60.0402     60.0386     60.0335     60.0250     60.0134     60.0000
     60.0000     60.0250     60.0465     60.0624     60.0719     60.0750     60.0719     60.0624     60.0465     60.0250     60.0000
     60.0000     60.0335     60.0624     60.0838     60.0966     60.1009     60.0967     60.0839     60.0625     60.0335     60.0000
     60.0000     60.0386     60.0719     60.0966     60.1114     60.1163     60.1115     60.0967     60.0720     60.0386     60.0000
     60.0000     60.0402     60.0750     60.1009     60.1163     60.1214     60.1163     60.1009     60.0751     60.0403     60.0000
     60.0000     60.0386     60.0719     60.0967     60.1115     60.1163     60.1115     60.0967     60.0720     60.0386     60.0000
     60.0000     60.0335     60.0624     60.0839     60.0967     60.1009     60.0967     60.0839     60.0625     60.0335     60.0000
     60.0000     60.0250     60.0465     60.0625     60.0720     60.0751     60.0720     60.0625     60.0466     60.0250     60.0000
     60.0000     60.0134     60.0250     60.0335     60.0386     60.0403     60.0386     60.0335     60.0250     60.0134     60.0000
     60.0000     60.0000     60.0000     60.0000     60.0000     60.0000     60.0000     60.0000     60.0000     60.0000     60.0000
     60.0000     60.0000     60.0000     60.0000     60.0000     60.0000     60.0000     60.0000     60.0000     60.0000     60.0000
     60.0000     60.0302     60.0556     60.0736     60.0840     60.0873     60.0840     60.0736     60.0556     60.0302     60.0000
     60.0000     60.0556     60.1025     60.1359     60.1551     60.1613     60.1551     60.1359     60.1025     60.0556     60.0000
     60.0000     60.0736     60.1359     60.1804     60.2061     60.2144     60.2062     60.1804     60.1359     60.0736     60.0000
     60.0000     60.0840     60.1551     60.2061     60.2357     60.2453     60.2357     60.2062     60.1552     60.0840     60.0000
     60.0000     60.0873     60.1613     60.2144     60.2453     60.2552     60.2453     60.2145     60.1613     60.0873     60.0000
     60.0000     60.0840     60.1551     60.2062     60.2357     60.2453     60.2357     60.2062     60.1552     60.0840     60.0000
     60.0000     60.0736     60.1359     60.1804     60.2062     60.2145     60.2062     60.1805     60.1359     60.0736     60.0000
     60.0000     60.0556     60.1025     60.1359     60.1552     60.1613     60.1552     60.1359     60.1025     60.0556     60.0000
     60.0000     60.0302     60.0556     60.0736     60.0840     60.0873     60.0840     60.0736     60.0556     60.0301     60.0000
     60.0000     60.0000     60.0000     60.0000     60.0000     60.0000     60.0000     60.0000     60.0000     60.0000     60.0000
     60.0000     60.0000     60.0000     60.0000     60.0000     60.0000     60.0000     60.0000     60.0000     60.0000     60.0000
