x0=5
y0=6
