     a11=1 
     a12=-2
     a21=.1
     a22=.3
