Vmax = 272;
Km = 5.9;
V1 = 406;

k12 = 0.197;
k21 = 0.06;
Ke0 = 0.077;


%  Copyright 2000-2004 The MathWorks, Inc. and Ford Global Technologies, Inc.


%   $Revision: 1.2.2.2 $  $Date: 2004/02/09 07:58:59 $
% E0 = 6;
% Emax = 2.6;
% Ec50 = 12.6;
