function H = hand
% HAND  My hand print.
%   H = hand;
%   dot2dot(H)
%   wiggle(H)

H = [3.15  -9.00
     4.43  -6.55
     6.13  -4.39
     7.65  -2.21
     7.52  -1.26
     6.75  -0.95
     5.60  -1.56
     4.45  -2.85
     3.07  -3.00
     2.60  -1.70
     2.73   0.59
     3.22   3.66
     3.39   6.79
     2.84   7.92
     2.10   7.41
     1.48   4.25
     0.68   0.79
     0.81   4.96
     0.66   8.36
    -0.33   9.06
    -0.99   8.09
    -1.04   4.68
    -1.17   0.90
    -1.81   4.15
    -2.63   7.45
    -3.39   7.80
    -3.86   6.97
    -3.49   3.35
    -3.13  -0.44
    -4.78   1.87
    -6.00   3.81
    -6.95   3.92
    -7.12   3.04
    -5.82  -0.07
    -4.76  -2.29
    -4.52  -5.62
    -4.00  -9.00]';
