function R=rads
% R=rads
% Radii for the problem solutions

R=[...
0.7045    3.2903    0.8263
3.2932    0.7074    0.8295
0.7783    3.4977    0.3767
3.4994    0.7800    0.3755
0.0026    3.0000    2.9934
0.0028    1.0000    3.0001
0.7034    0.7107   -2.0000
1.5139    1.5320   -0.7382];