%DOCTOR                                          last updated 6/9/03
%          Loads the data for doctorates awarded annually in mathematics
%          to U.S. citizens. Column x contains the year, column u contains
%          the number of doctorates in mathematics awarded to U.S. citizens
%          annually, and w contains the percentage of doctorates who are
%          women.
%
%          Use in the form   -->  doctor  <--
%
%By: David R. Hill, Math. Dept.
%    Temple University, Philadelphia, Pa,. 19122

x=[1973:1:2002]';

u=[774
677
741
722
689
634
596
578
567
519
455
433
396
386
362
363
411
401
461
430
526
469
567
493
516
586
554
537
494
418
];

w=[10
9
11
12
13
14
16
15
18
17
20
20
20
21
20
21
24
22
24
24
28
26
25
24
29
28
34
29
31
30];

