%LONGJUMP                               %last updated 12/14/02
%          Loads the Olympic data for the men's long jump.
%          Column x contains the date and column y the winning 
%          distances in inches.
%
%          Use in the form   -->  longjump  <--
%
%By: David R. Hill, Math. Dept.
%    Temple University, Philadelphia, Pa,. 19122

x =[    1896
        1900
        1904
        1908
        1912
        1920
        1924
        1928
        1932
        1936
        1948
        1952
        1956
        1960
        1964
        1968
        1972
        1976
        1980
        1984
        1988
        1992
        1996
        2000];
 y =[  250.0000
  282.7500
  289.0000
  294.5000
  299.2500
  281.5000
  293.0000
  304.5000
  300.7500
  317.5000
  308.0000
  298.0000
  308.2500
  319.7500
  317.7500
  350.5000
  324.5000
  328.5000
  336.2500
  336.2500
  343.2500
  341.5000
  334.7500
  336.7500];
