%W100FREE                                          last updated 12/14/02
%          Loads the Olympic data for the women's 100-meter freestyle
%          swimming competition. Column x contains the date and column
%          y the winning times in seconds.
%
%          Use in the form   -->  w100free  <--
%
%By: David R. Hill, Math. Dept.
%    Temple University, Philadelphia, Pa,. 19122


x=[1912
1920
1924
1928
1932
1936
1948
1952
1956
1960
1964
1968
1972
1976
1980
1984
1988
1992
1996
2000];

y=[82.2
 73.6
 72.4
 71
 66.8
 65.9
 66.3
 68.8
 62
61.2
59.5
60
58.59
55.65
54.79
55.92
54.93
54.65
54.50
53.83];
