%W100DASH                                          last updated 12/14/02
%          Loads the Olympic data for the women's 100 meter dash.
%          Column x contains the date and column y the winning times
%          in seconds.
%
%          Use in the form   -->  w100dash  <--
%
%By: David R. Hill, Math. Dept.
%    Temple University, Philadelphia, Pa,. 19122

y=[12.2
   11.9
   11.5
   11.9
   11.5
   11.5
   11.0
   11.4
   11.0
   11.07
   11.08
   11.6
   10.97
   10.54
   10.82
   10.94
   10.75];

x=[1928
 1932
 1936
 1948
 1952
 1956
 1960
 1964
 1968
 1972
 1976
 1980
 1984
 1988
 1992
 1996
 2000];
