%%MatrixMarket matrix coordinate real general
317 317 7327
1 1  1.0000000000000e+00
2 2  1.0000000000000e+00
3 3  1.0000000000000e+00
4 4  1.0000000000000e+00
1 5 -3.3333333333322e-02
2 5 -2.7777777777773e-02
3 5 -2.2222222222224e-01
4 5  8.8817841970013e-16
5 5  3.7333333333326e+00
6 5  1.7763568394003e-15
7 5  2.2222222222157e-02
8 5 -8.8817841970013e-16
9 5  1.9999999999998e-01
10 5  1.1111111111109e-01
11 5 -8.8888888888886e-02
12 5 -7.1054273576010e-15
13 5 -1.1111111111108e+00
14 5  1.4210854715202e-14
15 5  1.3333333333331e-01
16 5  1.1111111111110e-01
17 5 -5.3333333333326e-01
18 5 -4.4444444444441e-01
19 5 -3.3333333333327e-02
20 5 -2.2222222222216e-02
21 5 -3.3333333333327e-02
22 5 -2.2222222222224e-01
23 5 -4.4408920985006e-16
24 5 -3.3333333333321e-02
25 5  2.7777777777772e-02
26 5 -8.8888888888692e-02
27 5 -8.8817841970013e-15
28 5  1.9999999999997e-01
29 5 -1.1111111111109e-01
30 5  1.3333333333331e-01
31 5 -1.1111111111110e-01
32 5 -5.3333333333328e-01
33 5  4.4444444444441e-01
34 5 -3.3333333333332e-02
35 5 -2.2222222222220e-02
36 5  3.3333333333331e-02
82 5 -3.3333333333321e-02
83 5  2.7777777777773e-02
84 5  2.2222222222158e-02
85 5 -1.3322676295502e-15
86 5  1.9999999999997e-01
87 5 -1.1111111111109e-01
88 5  1.3333333333330e-01
89 5 -1.1111111111110e-01
90 5 -1.1111111111108e+00
91 5  3.5527136788005e-15
92 5 -5.3333333333324e-01
93 5  4.4444444444441e-01
94 5  3.3333333333327e-02
95 5 -2.2222222222216e-02
96 5  3.3333333333328e-02
97 5 -3.3333333333321e-02
98 5 -2.7777777777772e-02
99 5  1.3333333333331e-01
100 5  1.1111111111110e-01
101 5  1.9999999999997e-01
102 5  1.1111111111109e-01
103 5 -5.3333333333329e-01
104 5 -4.4444444444441e-01
105 5  3.3333333333331e-02
106 5 -2.2222222222219e-02
107 5 -3.3333333333329e-02
1 6 -2.7777777777772e-02
2 6 -3.3333333333321e-02
3 6  4.4408920985006e-16
4 6  2.2222222222149e-02
5 6  1.7763568394003e-15
6 6  3.7333333333326e+00
7 6 -4.4408920985006e-16
8 6 -2.2222222222224e-01
9 6  1.1111111111110e-01
10 6  1.3333333333330e-01
11 6 -1.7763568394003e-15
12 6 -1.1111111111109e+00
13 6  7.1054273576010e-15
14 6 -8.8888888888783e-02
15 6  1.1111111111109e-01
16 6  1.9999999999998e-01
17 6 -4.4444444444441e-01
18 6 -5.3333333333327e-01
19 6 -3.3333333333328e-02
20 6 -3.3333333333329e-02
21 6 -2.2222222222217e-02
22 6 -1.3322676295502e-15
23 6  2.2222222222147e-02
24 6  2.7777777777772e-02
25 6 -3.3333333333321e-02
26 6 -1.7763568394003e-15
27 6 -1.1111111111107e+00
28 6 -1.1111111111110e-01
29 6  1.3333333333330e-01
30 6 -1.1111111111109e-01
31 6  1.9999999999997e-01
32 6  4.4444444444441e-01
33 6 -5.3333333333326e-01
34 6  3.3333333333329e-02
35 6  3.3333333333329e-02
36 6 -2.2222222222217e-02
82 6  2.7777777777773e-02
83 6 -3.3333333333322e-02
84 6 -1.3322676295502e-15
85 6 -2.2222222222224e-01
86 6 -1.1111111111110e-01
87 6  1.3333333333330e-01
88 6 -1.1111111111109e-01
89 6  1.9999999999998e-01
90 6 -1.7763568394003e-15
91 6 -8.8888888888804e-02
92 6  4.4444444444441e-01
93 6 -5.3333333333324e-01
94 6 -3.3333333333328e-02
95 6  3.3333333333329e-02
96 6 -2.2222222222217e-02
97 6 -2.7777777777772e-02
98 6 -3.3333333333320e-02
99 6  1.1111111111109e-01
100 6  1.9999999999997e-01
101 6  1.1111111111110e-01
102 6  1.3333333333330e-01
103 6 -4.4444444444441e-01
104 6 -5.3333333333325e-01
105 6  3.3333333333329e-02
106 6 -3.3333333333329e-02
107 6 -2.2222222222217e-02
7 7  1.0000000000000e+00
8 8  1.0000000000000e+00
9 9  1.0000000000000e+00
10 10  1.0000000000000e+00
1 11  1.3333333333330e-01
2 11  1.1111111111109e-01
3 11 -8.8888888888660e-02
4 11 -7.1054273576010e-15
5 11 -8.8888888888886e-02
6 11 -1.7763568394003e-15
7 11  1.3333333333331e-01
8 11 -1.1111111111109e-01
9 11 -5.3333333333331e-01
10 11 -4.4444444444436e-01
11 11  6.3999999999994e+00
12 11  5.3290705182007e-15
13 11 -5.3333333333321e-01
14 11  4.4444444444435e-01
15 11  1.7777777777768e-01
16 11 -2.2204460492503e-15
17 11 -2.4888888888887e+00
18 11  1.4210854715202e-14
19 11 -1.3333333333333e-01
20 11 -8.8888888888881e-02
21 11  4.8849813083507e-15
82 11  1.3333333333331e-01
83 11 -1.1111111111109e-01
84 11  1.3333333333331e-01
85 11  1.1111111111109e-01
86 11 -5.3333333333330e-01
87 11  4.4444444444436e-01
88 11  1.7777777777768e-01
89 11 -2.4424906541753e-15
90 11 -5.3333333333326e-01
91 11 -4.4444444444436e-01
92 11 -2.4888888888887e+00
93 11 -3.5527136788005e-15
94 11  1.3333333333333e-01
95 11 -8.8888888888882e-02
96 11 -2.9976021664879e-15
1 12  1.1111111111110e-01
2 12  1.9999999999996e-01
3 12 -1.0658141036401e-14
4 12 -1.1111111111107e+00
5 12 -7.1054273576010e-15
6 12 -1.1111111111109e+00
7 12 -1.1111111111110e-01
8 12  1.9999999999998e-01
9 12 -4.4444444444446e-01
10 12 -5.3333333333324e-01
11 12  5.3290705182007e-15
12 12  5.3333333333325e+00
13 12  4.4444444444446e-01
14 12 -5.3333333333327e-01
15 12 -3.3306690738755e-15
16 12 -1.7777777777780e-01
17 12  1.9539925233403e-14
18 12 -7.1111111111113e-01
19 12  1.2212453270877e-15
20 12  9.9920072216264e-16
21 12  4.4444444444435e-02
82 12 -1.1111111111110e-01
83 12  1.9999999999997e-01
84 12  1.1111111111110e-01
85 12  1.9999999999998e-01
86 12  4.4444444444447e-01
87 12 -5.3333333333329e-01
88 12 -3.1086244689504e-15
89 12 -1.7777777777779e-01
90 12 -4.4444444444446e-01
91 12 -5.3333333333330e-01
92 12 -1.7763568394003e-15
93 12 -7.1111111111105e-01
94 12 -8.8817841970013e-16
95 12  7.7715611723761e-16
96 12  4.4444444444437e-02
1 13  1.9999999999997e-01
2 13  1.1111111111110e-01
3 13  1.9999999999997e-01
4 13 -1.1111111111110e-01
5 13 -1.1111111111108e+00
6 13  7.1054273576010e-15
7 13 -1.1111111111108e+00
8 13  0.0000000000000e+00
9 13 -1.7777777777780e-01
10 13  8.8530006371036e-15
11 13 -5.3333333333321e-01
12 13  4.4444444444446e-01
13 13  5.3333333333326e+00
14 13 -7.3264439782440e-15
15 13 -5.3333333333321e-01
16 13 -4.4444444444446e-01
17 13 -7.1111111111126e-01
18 13 -1.3211653993039e-14
19 13 -1.8452317862983e-15
20 13  4.4444444444430e-02
21 13 -1.8873791418628e-15
22 13  1.9999999999999e-01
23 13  1.1111111111110e-01
24 13  1.9999999999998e-01
25 13 -1.1111111111110e-01
26 13 -5.3333333333329e-01
27 13 -4.4444444444446e-01
28 13 -1.7777777777781e-01
29 13  2.6645352591004e-15
30 13 -5.3333333333330e-01
31 13  4.4444444444447e-01
32 13 -7.1111111111103e-01
33 13 -3.3306690738755e-15
34 13  6.9388939039072e-16
35 13  4.4444444444439e-02
36 13 -4.1633363423443e-16
1 14  1.1111111111109e-01
2 14  1.3333333333331e-01
3 14 -1.1111111111109e-01
4 14  1.3333333333331e-01
5 14  1.4210854715202e-14
6 14 -8.8888888888783e-02
7 14 -5.3290705182007e-15
8 14 -8.8888888888759e-02
9 14  8.9640229395661e-15
10 14  1.7777777777769e-01
11 14  4.4444444444435e-01
12 14 -5.3333333333327e-01
13 14 -7.3264439782440e-15
14 14  6.3999999999996e+00
15 14 -4.4444444444435e-01
16 14 -5.3333333333325e-01
17 14 -1.3322676295502e-14
18 14 -2.4888888888889e+00
19 14 -1.3333333333333e-01
20 14  5.5511151231258e-17
21 14 -8.8888888888882e-02
22 14  1.1111111111109e-01
23 14  1.3333333333331e-01
24 14 -1.1111111111109e-01
25 14  1.3333333333331e-01
26 14 -4.4444444444436e-01
27 14 -5.3333333333326e-01
28 14  2.1094237467878e-15
29 14  1.7777777777768e-01
30 14  4.4444444444436e-01
31 14 -5.3333333333329e-01
32 14 -7.7715611723761e-16
33 14 -2.4888888888887e+00
34 14  1.3333333333333e-01
35 14 -8.7430063189231e-16
36 14 -8.8888888888881e-02
15 15  1.0000000000000e+00
16 16  1.0000000000000e+00
1 17 -5.3333333333330e-01
2 17 -4.4444444444441e-01
3 17 -5.3333333333330e-01
4 17  4.4444444444441e-01
5 17 -5.3333333333326e-01
6 17 -4.4444444444441e-01
7 17 -5.3333333333329e-01
8 17  4.4444444444441e-01
9 17 -7.1111111111087e-01
10 17 -2.7422508708241e-14
11 17 -2.4888888888887e+00
12 17  1.9539925233403e-14
13 17 -7.1111111111126e-01
14 17 -1.3322676295502e-14
15 17 -2.4888888888887e+00
16 17  8.8817841970013e-15
17 17  8.5333333333327e+00
18 17  1.4835869158696e-14
19 17  4.4408920985006e-16
20 17  1.7777777777776e-01
21 17 -1.1102230246252e-16
1 18 -4.4444444444442e-01
2 18 -5.3333333333328e-01
3 18  4.4444444444441e-01
4 18 -5.3333333333327e-01
5 18 -4.4444444444441e-01
6 18 -5.3333333333327e-01
7 18  4.4444444444441e-01
8 18 -5.3333333333330e-01
9 18 -2.7311486405779e-14
10 18 -2.4888888888884e+00
11 18  1.4210854715202e-14
12 18 -7.1111111111113e-01
13 18 -1.3211653993039e-14
14 18 -2.4888888888889e+00
15 18  1.0658141036401e-14
16 18 -7.1111111111106e-01
17 18  1.4835869158696e-14
18 18  8.5333333333327e+00
19 18  4.4408920985006e-16
20 18 -1.3898347493455e-15
21 18  1.7777777777776e-01
19 19  1.0000000000000e+00
1 20  2.2222222222219e-02
2 20  3.3333333333329e-02
3 20  2.2222222222221e-02
4 20 -3.3333333333329e-02
5 20  2.2222222222216e-02
6 20  3.3333333333329e-02
7 20  2.2222222222217e-02
8 20 -3.3333333333330e-02
9 20 -4.4444444444440e-02
10 20  8.0491169285324e-16
11 20  8.8888888888881e-02
12 20 -9.9920072216264e-16
13 20 -4.4444444444430e-02
14 20 -5.5511151231258e-17
15 20  8.8888888888879e-02
16 20  0.0000000000000e+00
17 20 -1.7777777777776e-01
18 20  1.3898347493455e-15
1 21  3.3333333333331e-02
2 21  2.2222222222218e-02
3 21 -3.3333333333333e-02
4 21  2.2222222222218e-02
5 21  3.3333333333327e-02
6 21  2.2222222222217e-02
7 21 -3.3333333333328e-02
8 21  2.2222222222218e-02
9 21  3.7608804959177e-15
10 21  8.8888888888881e-02
11 21 -4.8849813083507e-15
12 21 -4.4444444444435e-02
13 21  1.8873791418628e-15
14 21  8.8888888888882e-02
15 21  1.4432899320127e-15
16 21 -4.4444444444436e-02
17 21  1.1102230246252e-16
18 21 -1.7777777777776e-01
5 22 -2.2222222222224e-01
6 22 -1.3322676295502e-15
7 22 -3.3333333333323e-02
8 22 -2.7777777777773e-02
13 22  1.9999999999999e-01
14 22  1.1111111111109e-01
22 22  3.7333333333327e+00
23 22  1.0658141036401e-14
24 22  2.2222222222164e-02
25 22 -8.8817841970013e-16
26 22 -8.8888888888823e-02
27 22 -8.8817841970013e-15
28 22 -1.1111111111110e+00
29 22  2.3092638912203e-14
30 22  1.3333333333331e-01
31 22  1.1111111111110e-01
32 22 -5.3333333333330e-01
33 22 -4.4444444444442e-01
34 22 -3.3333333333330e-02
35 22 -2.2222222222219e-02
36 22 -3.3333333333330e-02
37 22 -2.2222222222223e-01
38 22  2.6645352591004e-15
39 22 -3.3333333333322e-02
40 22  2.7777777777772e-02
41 22 -8.8888888888637e-02
42 22 -1.5987211554602e-14
43 22  1.9999999999997e-01
44 22 -1.1111111111109e-01
45 22  1.3333333333332e-01
46 22 -1.1111111111110e-01
47 22 -5.3333333333330e-01
48 22  4.4444444444440e-01
49 22 -3.3333333333332e-02
50 22 -2.2222222222220e-02
51 22  3.3333333333330e-02
84 22 -3.3333333333321e-02
85 22  2.7777777777772e-02
90 22  1.9999999999997e-01
91 22 -1.1111111111109e-01
97 22  2.2222222222158e-02
98 22 -2.2204460492503e-15
99 22  1.3333333333330e-01
100 22 -1.1111111111110e-01
101 22 -1.1111111111108e+00
102 22  5.3290705182007e-15
103 22 -5.3333333333325e-01
104 22  4.4444444444441e-01
105 22  3.3333333333331e-02
106 22 -2.2222222222217e-02
107 22  3.3333333333331e-02
108 22 -3.3333333333319e-02
109 22 -2.7777777777772e-02
110 22  1.3333333333331e-01
111 22  1.1111111111110e-01
112 22  1.9999999999997e-01
113 22  1.1111111111108e-01
114 22 -5.3333333333332e-01
115 22 -4.4444444444441e-01
116 22  3.3333333333331e-02
117 22 -2.2222222222220e-02
118 22 -3.3333333333329e-02
5 23 -4.4408920985006e-16
6 23  2.2222222222147e-02
7 23 -2.7777777777773e-02
8 23 -3.3333333333322e-02
13 23  1.1111111111110e-01
14 23  1.3333333333331e-01
22 23  1.0658141036401e-14
23 23  3.7333333333326e+00
24 23 -1.3322676295502e-15
25 23 -2.2222222222223e-01
26 23 -7.1054273576010e-15
27 23 -1.1111111111108e+00
28 23  2.3092638912203e-14
29 23 -8.8888888888903e-02
30 23  1.1111111111109e-01
31 23  1.9999999999997e-01
32 23 -4.4444444444442e-01
33 23 -5.3333333333328e-01
34 23 -3.3333333333327e-02
35 23 -3.3333333333328e-02
36 23 -2.2222222222216e-02
37 23  1.7763568394003e-15
38 23  2.2222222222165e-02
39 23  2.7777777777772e-02
40 23 -3.3333333333323e-02
41 23 -1.7763568394003e-14
42 23 -1.1111111111107e+00
43 23 -1.1111111111110e-01
44 23  1.3333333333330e-01
45 23 -1.1111111111109e-01
46 23  1.9999999999998e-01
47 23  4.4444444444440e-01
48 23 -5.3333333333328e-01
49 23  3.3333333333329e-02
50 23  3.3333333333329e-02
51 23 -2.2222222222217e-02
84 23  2.7777777777772e-02
85 23 -3.3333333333321e-02
90 23 -1.1111111111110e-01
91 23  1.3333333333331e-01
97 23 -1.3322676295502e-15
98 23 -2.2222222222224e-01
99 23 -1.1111111111109e-01
100 23  1.9999999999997e-01
101 23  3.5527136788005e-15
102 23 -8.8888888888730e-02
103 23  4.4444444444441e-01
104 23 -5.3333333333327e-01
105 23 -3.3333333333331e-02
106 23  3.3333333333330e-02
107 23 -2.2222222222219e-02
108 23 -2.7777777777772e-02
109 23 -3.3333333333319e-02
110 23  1.1111111111109e-01
111 23  1.9999999999997e-01
112 23  1.1111111111110e-01
113 23  1.3333333333331e-01
114 23 -4.4444444444440e-01
115 23 -5.3333333333330e-01
116 23  3.3333333333330e-02
117 23 -3.3333333333329e-02
118 23 -2.2222222222219e-02
24 24  1.0000000000000e+00
25 25  1.0000000000000e+00
5 26 -8.8888888888692e-02
6 26 -1.7763568394003e-15
7 26  1.3333333333331e-01
8 26  1.1111111111109e-01
13 26 -5.3333333333329e-01
14 26 -4.4444444444436e-01
22 26 -8.8888888888823e-02
23 26 -7.1054273576010e-15
24 26  1.3333333333330e-01
25 26 -1.1111111111109e-01
26 26  6.3999999999994e+00
27 26  1.2434497875802e-14
28 26 -5.3333333333323e-01
29 26  4.4444444444435e-01
30 26  1.7777777777770e-01
31 26 -4.4408920985006e-16
32 26 -2.4888888888888e+00
33 26  1.1546319456102e-14
34 26 -1.3333333333333e-01
35 26 -8.8888888888882e-02
36 26  2.6645352591004e-15
84 26  1.3333333333332e-01
85 26 -1.1111111111109e-01
90 26 -5.3333333333327e-01
91 26  4.4444444444435e-01
97 26  1.3333333333330e-01
98 26  1.1111111111109e-01
99 26  1.7777777777768e-01
100 26  2.6645352591004e-15
101 26 -5.3333333333327e-01
102 26 -4.4444444444436e-01
103 26 -2.4888888888887e+00
104 26  0.0000000000000e+00
105 26  1.3333333333333e-01
106 26 -8.8888888888882e-02
107 26  4.4408920985006e-16
5 27 -8.8817841970013e-15
6 27 -1.1111111111107e+00
7 27  1.1111111111110e-01
8 27  1.9999999999997e-01
13 27 -4.4444444444446e-01
14 27 -5.3333333333326e-01
22 27 -8.8817841970013e-15
23 27 -1.1111111111108e+00
24 27 -1.1111111111110e-01
25 27  1.9999999999997e-01
26 27  1.2434497875802e-14
27 27  5.3333333333325e+00
28 27  4.4444444444445e-01
29 27 -5.3333333333324e-01
30 27 -8.8817841970013e-16
31 27 -1.7777777777778e-01
32 27  1.4210854715202e-14
33 27 -7.1111111111120e-01
34 27 -1.5543122344752e-15
35 27 -1.1102230246252e-15
36 27  4.4444444444434e-02
84 27 -1.1111111111110e-01
85 27  1.9999999999998e-01
90 27  4.4444444444446e-01
91 27 -5.3333333333328e-01
97 27  1.1111111111110e-01
98 27  1.9999999999997e-01
99 27  1.7763568394003e-15
100 27 -1.7777777777780e-01
101 27 -4.4444444444446e-01
102 27 -5.3333333333329e-01
103 27  3.5527136788005e-15
104 27 -7.1111111111104e-01
105 27  1.4432899320127e-15
106 27 -9.9920072216264e-16
107 27  4.4444444444437e-02
5 28  1.9999999999997e-01
6 28 -1.1111111111110e-01
7 28  1.9999999999997e-01
8 28  1.1111111111110e-01
13 28 -1.7777777777781e-01
14 28  2.1094237467878e-15
22 28 -1.1111111111110e+00
23 28  2.3092638912203e-14
24 28 -1.1111111111108e+00
25 28 -5.3290705182007e-15
26 28 -5.3333333333323e-01
27 28  4.4444444444445e-01
28 28  5.3333333333326e+00
29 28 -4.1085105139679e-15
30 28 -5.3333333333327e-01
31 28 -4.4444444444446e-01
32 28 -7.1111111111104e-01
33 28 -1.2323475573339e-14
34 28 -3.6914915568787e-15
35 28  4.4444444444435e-02
36 28 -2.5396351688300e-15
37 28  1.9999999999999e-01
38 28  1.1111111111110e-01
39 28  1.9999999999998e-01
40 28 -1.1111111111110e-01
41 28 -5.3333333333330e-01
42 28 -4.4444444444446e-01
43 28 -1.7777777777779e-01
44 28  3.3868655479616e-15
45 28 -5.3333333333336e-01
46 28  4.4444444444447e-01
47 28 -7.1111111111101e-01
48 28 -3.6637359812630e-15
49 28  1.2743578483274e-15
50 28  4.4444444444440e-02
51 28 -1.4988010832440e-15
5 29 -1.1111111111109e-01
6 29  1.3333333333330e-01
7 29  1.1111111111109e-01
8 29  1.3333333333330e-01
13 29  2.6645352591004e-15
14 29  1.7777777777768e-01
22 29  2.3092638912203e-14
23 29 -8.8888888888903e-02
24 29 -8.8817841970013e-15
25 29 -8.8888888888744e-02
26 29  4.4444444444435e-01
27 29 -5.3333333333324e-01
28 29 -4.1085105139679e-15
29 29  6.3999999999994e+00
30 29 -4.4444444444436e-01
31 29 -5.3333333333327e-01
32 29 -1.4988010832440e-14
33 29 -2.4888888888887e+00
34 29 -1.3333333333333e-01
35 29  1.7486012637846e-15
36 29 -8.8888888888881e-02
37 29  1.1111111111109e-01
38 29  1.3333333333331e-01
39 29 -1.1111111111109e-01
40 29  1.3333333333332e-01
41 29 -4.4444444444436e-01
42 29 -5.3333333333322e-01
43 29  4.1640216651993e-15
44 29  1.7777777777769e-01
45 29  4.4444444444437e-01
46 29 -5.3333333333335e-01
47 29 -4.8849813083507e-15
48 29 -2.4888888888886e+00
49 29  1.3333333333333e-01
50 29 -2.8171909249863e-15
51 29 -8.8888888888881e-02
30 30  1.0000000000000e+00
31 31  1.0000000000000e+00
5 32 -5.3333333333328e-01
6 32  4.4444444444441e-01
7 32 -5.3333333333328e-01
8 32 -4.4444444444441e-01
13 32 -7.1111111111103e-01
14 32 -7.7715611723761e-16
22 32 -5.3333333333330e-01
23 32 -4.4444444444442e-01
24 32 -5.3333333333328e-01
25 32  4.4444444444441e-01
26 32 -2.4888888888888e+00
27 32  1.4210854715202e-14
28 32 -7.1111111111104e-01
29 32 -1.4988010832440e-14
30 32 -2.4888888888887e+00
31 32 -2.6645352591004e-15
32 32  8.5333333333328e+00
33 32  1.0049574341423e-14
34 32  6.6613381477509e-16
35 32  1.7777777777777e-01
36 32 -4.9960036108132e-16
5 33  4.4444444444441e-01
6 33 -5.3333333333326e-01
7 33 -4.4444444444441e-01
8 33 -5.3333333333326e-01
13 33 -3.3306690738755e-15
14 33 -2.4888888888887e+00
22 33 -4.4444444444442e-01
23 33 -5.3333333333328e-01
24 33  4.4444444444441e-01
25 33 -5.3333333333329e-01
26 33  1.1546319456102e-14
27 33 -7.1111111111120e-01
28 33 -1.2323475573339e-14
29 33 -2.4888888888887e+00
30 33 -2.6645352591004e-15
31 33 -7.1111111111108e-01
32 33  1.0049574341423e-14
33 33  8.5333333333327e+00
34 33 -8.8817841970013e-16
35 33 -1.2849803525754e-15
36 33  1.7777777777776e-01
5 34  3.3333333333332e-02
6 34 -3.3333333333329e-02
7 34 -3.3333333333330e-02
8 34 -3.3333333333330e-02
13 34 -6.9388939039072e-16
14 34 -1.3333333333333e-01
22 34  3.3333333333330e-02
23 34  3.3333333333327e-02
24 34 -3.3333333333331e-02
25 34  3.3333333333332e-02
26 34  1.3333333333333e-01
27 34  1.5543122344752e-15
28 34  3.6914915568787e-15
29 34  1.3333333333333e-01
30 34 -1.3333333333334e-01
31 34 -5.5511151231258e-16
32 34 -6.6613381477509e-16
33 34  8.8817841970013e-16
5 35  2.2222222222220e-02
6 35 -3.3333333333329e-02
7 35  2.2222222222219e-02
8 35  3.3333333333330e-02
13 35 -4.4444444444439e-02
14 35  8.7430063189231e-16
22 35  2.2222222222219e-02
23 35  3.3333333333328e-02
24 35  2.2222222222219e-02
25 35 -3.3333333333330e-02
26 35  8.8888888888882e-02
27 35  1.1102230246252e-15
28 35 -4.4444444444435e-02
29 35 -1.7486012637846e-15
30 35  8.8888888888884e-02
31 35  4.4408920985006e-16
32 35 -1.7777777777777e-01
33 35  1.2849803525754e-15
5 36 -3.3333333333331e-02
6 36  2.2222222222217e-02
7 36  3.3333333333330e-02
8 36  2.2222222222218e-02
13 36  4.1633363423443e-16
14 36  8.8888888888881e-02
22 36  3.3333333333330e-02
23 36  2.2222222222216e-02
24 36 -3.3333333333331e-02
25 36  2.2222222222219e-02
26 36 -2.6645352591004e-15
27 36 -4.4444444444434e-02
28 36  2.5396351688300e-15
29 36  8.8888888888881e-02
30 36  2.2204460492503e-16
31 36 -4.4444444444438e-02
32 36  4.9960036108132e-16
33 36 -1.7777777777776e-01
22 37 -2.2222222222223e-01
23 37  1.7763568394003e-15
24 37 -3.3333333333321e-02
25 37 -2.7777777777772e-02
28 37  1.9999999999999e-01
29 37  1.1111111111109e-01
37 37  3.7333333333326e+00
38 37  1.9539925233403e-14
39 37  2.2222222222161e-02
40 37  4.4408920985006e-16
41 37 -8.8888888888945e-02
42 37 -3.1974423109205e-14
43 37 -1.1111111111109e+00
44 37  1.5987211554602e-14
45 37  1.3333333333330e-01
46 37  1.1111111111110e-01
47 37 -5.3333333333328e-01
48 37 -4.4444444444442e-01
49 37 -3.3333333333328e-02
50 37 -2.2222222222217e-02
51 37 -3.3333333333329e-02
52 37 -2.2222222222225e-01
53 37 -4.8849813083507e-15
54 37 -3.3333333333322e-02
55 37  2.7777777777772e-02
56 37 -8.8888888888679e-02
57 37 -1.7763568394003e-15
58 37  1.9999999999997e-01
59 37 -1.1111111111109e-01
60 37  1.3333333333332e-01
61 37 -1.1111111111110e-01
62 37 -5.3333333333329e-01
63 37  4.4444444444441e-01
64 37 -3.3333333333331e-02
65 37 -2.2222222222220e-02
66 37  3.3333333333331e-02
97 37 -3.3333333333323e-02
98 37  2.7777777777772e-02
101 37  1.9999999999997e-01
102 37 -1.1111111111110e-01
108 37  2.2222222222139e-02
109 37 -2.2204460492503e-15
110 37  1.3333333333330e-01
111 37 -1.1111111111110e-01
112 37 -1.1111111111107e+00
113 37  1.4210854715202e-14
114 37 -5.3333333333321e-01
115 37  4.4444444444441e-01
116 37  3.3333333333325e-02
117 37 -2.2222222222214e-02
118 37  3.3333333333328e-02
119 37 -3.3333333333322e-02
120 37 -2.7777777777772e-02
121 37  1.3333333333332e-01
122 37  1.1111111111110e-01
123 37  1.9999999999997e-01
124 37  1.1111111111108e-01
125 37 -5.3333333333331e-01
126 37 -4.4444444444440e-01
127 37  3.3333333333329e-02
128 37 -2.2222222222219e-02
129 37 -3.3333333333328e-02
22 38  2.6645352591004e-15
23 38  2.2222222222165e-02
24 38 -2.7777777777772e-02
25 38 -3.3333333333321e-02
28 38  1.1111111111110e-01
29 38  1.3333333333331e-01
37 38  1.9539925233403e-14
38 38  3.7333333333326e+00
39 38  0.0000000000000e+00
40 38 -2.2222222222224e-01
41 38 -3.0198066269804e-14
42 38 -1.1111111111110e+00
43 38  2.1316282072803e-14
44 38 -8.8888888888874e-02
45 38  1.1111111111109e-01
46 38  1.9999999999998e-01
47 38 -4.4444444444442e-01
48 38 -5.3333333333327e-01
49 38 -3.3333333333327e-02
50 38 -3.3333333333328e-02
51 38 -2.2222222222216e-02
52 38 -5.3290705182007e-15
53 38  2.2222222222144e-02
54 38  2.7777777777772e-02
55 38 -3.3333333333321e-02
56 38 -3.5527136788005e-15
57 38 -1.1111111111107e+00
58 38 -1.1111111111110e-01
59 38  1.3333333333330e-01
60 38 -1.1111111111109e-01
61 38  1.9999999999997e-01
62 38  4.4444444444441e-01
63 38 -5.3333333333325e-01
64 38  3.3333333333327e-02
65 38  3.3333333333328e-02
66 38 -2.2222222222217e-02
97 38  2.7777777777773e-02
98 38 -3.3333333333324e-02
101 38 -1.1111111111111e-01
102 38  1.3333333333332e-01
108 38 -3.1086244689504e-15
109 38 -2.2222222222225e-01
110 38 -1.1111111111109e-01
111 38  1.9999999999998e-01
112 38  1.5987211554602e-14
113 38 -8.8888888888670e-02
114 38  4.4444444444440e-01
115 38 -5.3333333333330e-01
116 38 -3.3333333333331e-02
117 38  3.3333333333331e-02
118 38 -2.2222222222220e-02
119 38 -2.7777777777772e-02
120 38 -3.3333333333321e-02
121 38  1.1111111111109e-01
122 38  1.9999999999997e-01
123 38  1.1111111111110e-01
124 38  1.3333333333331e-01
125 38 -4.4444444444440e-01
126 38 -5.3333333333330e-01
127 38  3.3333333333331e-02
128 38 -3.3333333333330e-02
129 38 -2.2222222222219e-02
39 39  1.0000000000000e+00
40 40  1.0000000000000e+00
22 41 -8.8888888888637e-02
23 41 -1.7763568394003e-14
24 41  1.3333333333330e-01
25 41  1.1111111111109e-01
28 41 -5.3333333333330e-01
29 41 -4.4444444444436e-01
37 41 -8.8888888888945e-02
38 41 -3.0198066269804e-14
39 41  1.3333333333331e-01
40 41 -1.1111111111109e-01
41 41  6.3999999999994e+00
42 41  7.9936057773011e-15
43 41 -5.3333333333320e-01
44 41  4.4444444444434e-01
45 41  1.7777777777767e-01
46 41 -6.6613381477509e-16
47 41 -2.4888888888887e+00
48 41  3.6415315207705e-14
49 41 -1.3333333333333e-01
50 41 -8.8888888888879e-02
51 41  5.8841820305133e-15
97 41  1.3333333333333e-01
98 41 -1.1111111111109e-01
101 41 -5.3333333333328e-01
102 41  4.4444444444437e-01
108 41  1.3333333333329e-01
109 41  1.1111111111109e-01
110 41  1.7777777777768e-01
111 41 -8.8817841970013e-16
112 41 -5.3333333333328e-01
113 41 -4.4444444444436e-01
114 41 -2.4888888888887e+00
115 41  1.9539925233403e-14
116 41  1.3333333333333e-01
117 41 -8.8888888888881e-02
118 41 -4.4408920985006e-16
22 42 -1.5987211554602e-14
23 42 -1.1111111111107e+00
24 42  1.1111111111110e-01
25 42  1.9999999999996e-01
28 42 -4.4444444444446e-01
29 42 -5.3333333333322e-01
37 42 -3.1974423109205e-14
38 42 -1.1111111111110e+00
39 42 -1.1111111111110e-01
40 42  1.9999999999998e-01
41 42  7.9936057773011e-15
42 42  5.3333333333326e+00
43 42  4.4444444444444e-01
44 42 -5.3333333333323e-01
45 42 -6.6613381477509e-16
46 42 -1.7777777777781e-01
47 42  3.7303493627405e-14
48 42 -7.1111111111116e-01
49 42  9.9920072216264e-16
50 42  6.6613381477509e-16
51 42  4.4444444444431e-02
97 42 -1.1111111111111e-01
98 42  1.9999999999999e-01
101 42  4.4444444444447e-01
102 42 -5.3333333333331e-01
108 42  1.1111111111110e-01
109 42  1.9999999999997e-01
110 42  4.4408920985006e-16
111 42 -1.7777777777781e-01
112 42 -4.4444444444446e-01
113 42 -5.3333333333328e-01
114 42  1.4210854715202e-14
115 42 -7.1111111111103e-01
116 42 -9.9920072216264e-16
117 42  8.8817841970013e-16
118 42  4.4444444444438e-02
22 43  1.9999999999997e-01
23 43 -1.1111111111110e-01
24 43  1.9999999999995e-01
25 43  1.1111111111110e-01
28 43 -1.7777777777779e-01
29 43  4.1640216651993e-15
37 43 -1.1111111111109e+00
38 43  2.1316282072803e-14
39 43 -1.1111111111107e+00
40 43 -1.4210854715202e-14
41 43 -5.3333333333320e-01
42 43  4.4444444444444e-01
43 43  5.3333333333325e+00
44 43 -2.8311372450796e-14
45 43 -5.3333333333319e-01
46 43 -4.4444444444445e-01
47 43 -7.1111111111121e-01
48 43  1.3322676295502e-14
49 43  1.5289552888511e-15
50 43  4.4444444444430e-02
51 43  5.5511151231258e-16
52 43  1.9999999999999e-01
53 43  1.1111111111110e-01
54 43  1.9999999999998e-01
55 43 -1.1111111111110e-01
56 43 -5.3333333333329e-01
57 43 -4.4444444444446e-01
58 43 -1.7777777777780e-01
59 43  1.4432899320127e-15
60 43 -5.3333333333334e-01
61 43  4.4444444444447e-01
62 43 -7.1111111111100e-01
63 43 -1.2212453270877e-15
64 43 -3.6082248300318e-16
65 43  4.4444444444440e-02
66 43 -2.9143354396410e-16
22 44 -1.1111111111109e-01
23 44  1.3333333333330e-01
24 44  1.1111111111109e-01
25 44  1.3333333333330e-01
28 44  3.3868655479616e-15
29 44  1.7777777777769e-01
37 44  1.5987211554602e-14
38 44 -8.8888888888874e-02
39 44 -1.0658141036401e-14
40 44 -8.8888888888680e-02
41 44  4.4444444444434e-01
42 44 -5.3333333333323e-01
43 44 -2.8311372450796e-14
44 44  6.3999999999995e+00
45 44 -4.4444444444434e-01
46 44 -5.3333333333326e-01
47 44  1.6320278461990e-14
48 44 -2.4888888888889e+00
49 44 -1.3333333333333e-01
50 44  2.1649348980191e-15
51 44 -8.8888888888882e-02
52 44  1.1111111111109e-01
53 44  1.3333333333331e-01
54 44 -1.1111111111109e-01
55 44  1.3333333333331e-01
56 44 -4.4444444444435e-01
57 44 -5.3333333333322e-01
58 44  1.5543122344752e-15
59 44  1.7777777777768e-01
60 44  4.4444444444436e-01
61 44 -5.3333333333333e-01
62 44 -2.2204460492506e-16
63 44 -2.4888888888886e+00
64 44  1.3333333333333e-01
65 44 -2.7894353493707e-15
66 44 -8.8888888888881e-02
45 45  1.0000000000000e+00
46 46  1.0000000000000e+00
22 47 -5.3333333333330e-01
23 47  4.4444444444440e-01
24 47 -5.3333333333323e-01
25 47 -4.4444444444440e-01
28 47 -7.1111111111101e-01
29 47 -4.8849813083507e-15
37 47 -5.3333333333328e-01
38 47 -4.4444444444442e-01
39 47 -5.3333333333331e-01
40 47  4.4444444444442e-01
41 47 -2.4888888888887e+00
42 47  3.7303493627405e-14
43 47 -7.1111111111121e-01
44 47  1.6320278461990e-14
45 47 -2.4888888888885e+00
46 47 -1.9539925233403e-14
47 47  8.5333333333326e+00
48 47 -3.4474480883174e-14
49 47  1.5543122344752e-15
50 47  1.7777777777776e-01
51 47 -2.1094237467878e-15
22 48  4.4444444444440e-01
23 48 -5.3333333333328e-01
24 48 -4.4444444444439e-01
25 48 -5.3333333333327e-01
28 48 -3.6637359812630e-15
29 48 -2.4888888888886e+00
37 48 -4.4444444444442e-01
38 48 -5.3333333333327e-01
39 48  4.4444444444442e-01
40 48 -5.3333333333334e-01
41 48  3.6415315207705e-14
42 48 -7.1111111111116e-01
43 48  1.3322676295502e-14
44 48 -2.4888888888889e+00
45 48 -1.8651746813703e-14
46 48 -7.1111111111091e-01
47 48 -3.4474480883174e-14
48 48  8.5333333333327e+00
49 48 -1.3322676295502e-15
50 48 -1.4905772089874e-15
51 48  1.7777777777776e-01
22 49  3.3333333333332e-02
23 49 -3.3333333333329e-02
24 49 -3.3333333333329e-02
25 49 -3.3333333333332e-02
28 49 -1.2743578483274e-15
29 49 -1.3333333333333e-01
37 49  3.3333333333328e-02
38 49  3.3333333333327e-02
39 49 -3.3333333333328e-02
40 49  3.3333333333333e-02
41 49  1.3333333333333e-01
42 49 -9.9920072216264e-16
43 49 -1.5289552888511e-15
44 49  1.3333333333333e-01
45 49 -1.3333333333333e-01
46 49 -1.1102230246252e-16
47 49 -1.5543122344752e-15
48 49  1.3322676295502e-15
22 50  2.2222222222220e-02
23 50 -3.3333333333329e-02
24 50  2.2222222222218e-02
25 50  3.3333333333331e-02
28 50 -4.4444444444440e-02
29 50  2.8171909249863e-15
37 50  2.2222222222217e-02
38 50  3.3333333333328e-02
39 50  2.2222222222217e-02
40 50 -3.3333333333331e-02
41 50  8.8888888888879e-02
42 50 -6.6613381477509e-16
43 50 -4.4444444444430e-02
44 50 -2.1649348980191e-15
45 50  8.8888888888880e-02
46 50  0.0000000000000e+00
47 50 -1.7777777777776e-01
48 50  1.4905772089874e-15
22 51 -3.3333333333330e-02
23 51  2.2222222222217e-02
24 51  3.3333333333328e-02
25 51  2.2222222222220e-02
28 51  1.4988010832440e-15
29 51  8.8888888888881e-02
37 51  3.3333333333329e-02
38 51  2.2222222222216e-02
39 51 -3.3333333333329e-02
40 51  2.2222222222220e-02
41 51 -5.8841820305133e-15
42 51 -4.4444444444431e-02
43 51 -5.5511151231258e-16
44 51  8.8888888888882e-02
45 51  4.3298697960381e-15
46 51 -4.4444444444439e-02
47 51  2.1094237467878e-15
48 51 -1.7777777777776e-01
37 52 -2.2222222222225e-01
38 52 -5.3290705182007e-15
39 52 -3.3333333333322e-02
40 52 -2.7777777777772e-02
43 52  1.9999999999999e-01
44 52  1.1111111111109e-01
52 52  3.7333333333327e+00
53 52  3.1086244689504e-14
54 52  2.2222222222163e-02
55 52  1.7763568394003e-15
56 52 -8.8888888888790e-02
57 52 -1.9539925233403e-14
58 52 -1.1111111111110e+00
59 52  1.0658141036401e-14
60 52  1.3333333333331e-01
61 52  1.1111111111110e-01
62 52 -5.3333333333332e-01
63 52 -4.4444444444442e-01
64 52 -3.3333333333333e-02
65 52 -2.2222222222220e-02
66 52 -3.3333333333331e-02
67 52 -2.2222222222224e-01
68 52 -3.9968028886506e-15
69 52 -3.3333333333327e-02
70 52  2.7777777777773e-02
71 52 -8.8888888888662e-02
72 52  0.0000000000000e+00
73 52  1.9999999999998e-01
74 52 -1.1111111111109e-01
75 52  1.3333333333333e-01
76 52 -1.1111111111110e-01
77 52 -5.3333333333330e-01
78 52  4.4444444444441e-01
79 52 -3.3333333333332e-02
80 52 -2.2222222222220e-02
81 52  3.3333333333330e-02
108 52 -3.3333333333321e-02
109 52  2.7777777777773e-02
112 52  1.9999999999997e-01
113 52 -1.1111111111109e-01
119 52  2.2222222222158e-02
120 52 -3.5527136788005e-15
121 52  1.3333333333328e-01
122 52 -1.1111111111110e-01
123 52 -1.1111111111108e+00
124 52 -1.7763568394003e-15
125 52 -5.3333333333322e-01
126 52  4.4444444444440e-01
127 52  3.3333333333331e-02
128 52 -2.2222222222217e-02
129 52  3.3333333333332e-02
130 52 -3.3333333333325e-02
131 52 -2.7777777777773e-02
132 52  1.3333333333333e-01
133 52  1.1111111111110e-01
134 52  1.9999999999997e-01
135 52  1.1111111111109e-01
136 52 -5.3333333333333e-01
137 52 -4.4444444444441e-01
138 52  3.3333333333330e-02
139 52 -2.2222222222220e-02
140 52 -3.3333333333328e-02
37 53 -4.8849813083507e-15
38 53  2.2222222222144e-02
39 53 -2.7777777777772e-02
40 53 -3.3333333333321e-02
43 53  1.1111111111110e-01
44 53  1.3333333333331e-01
52 53  3.1086244689504e-14
53 53  3.7333333333326e+00
54 53  2.2204460492503e-15
55 53 -2.2222222222223e-01
56 53 -1.4210854715202e-14
57 53 -1.1111111111108e+00
58 53  1.0658141036401e-14
59 53 -8.8888888888931e-02
60 53  1.1111111111109e-01
61 53  1.9999999999997e-01
62 53 -4.4444444444442e-01
63 53 -5.3333333333326e-01
64 53 -3.3333333333327e-02
65 53 -3.3333333333328e-02
66 53 -2.2222222222216e-02
67 53 -3.9968028886506e-15
68 53  2.2222222222151e-02
69 53  2.7777777777773e-02
70 53 -3.3333333333324e-02
71 53  5.3290705182007e-15
72 53 -1.1111111111107e+00
73 53 -1.1111111111110e-01
74 53  1.3333333333330e-01
75 53 -1.1111111111109e-01
76 53  1.9999999999998e-01
77 53  4.4444444444440e-01
78 53 -5.3333333333324e-01
79 53  3.3333333333325e-02
80 53  3.3333333333327e-02
81 53 -2.2222222222215e-02
108 53  2.7777777777773e-02
109 53 -3.3333333333322e-02
112 53 -1.1111111111111e-01
113 53  1.3333333333331e-01
119 53 -3.5527136788005e-15
120 53 -2.2222222222223e-01
121 53 -1.1111111111109e-01
122 53  1.9999999999996e-01
123 53 -3.5527136788005e-15
124 53 -8.8888888888778e-02
125 53  4.4444444444441e-01
126 53 -5.3333333333325e-01
127 53 -3.3333333333330e-02
128 53  3.3333333333330e-02
129 53 -2.2222222222219e-02
130 53 -2.7777777777772e-02
131 53 -3.3333333333323e-02
132 53  1.1111111111109e-01
133 53  1.9999999999998e-01
134 53  1.1111111111110e-01
135 53  1.3333333333330e-01
136 53 -4.4444444444441e-01
137 53 -5.3333333333331e-01
138 53  3.3333333333331e-02
139 53 -3.3333333333331e-02
140 53 -2.2222222222219e-02
54 54  1.0000000000000e+00
55 55  1.0000000000000e+00
37 56 -8.8888888888679e-02
38 56 -3.5527136788005e-15
39 56  1.3333333333330e-01
40 56  1.1111111111109e-01
43 56 -5.3333333333329e-01
44 56 -4.4444444444435e-01
52 56 -8.8888888888790e-02
53 56 -1.4210854715202e-14
54 56  1.3333333333330e-01
55 56 -1.1111111111109e-01
56 56  6.3999999999995e+00
57 56  1.0658141036401e-14
58 56 -5.3333333333320e-01
59 56  4.4444444444434e-01
60 56  1.7777777777769e-01
61 56  0.0000000000000e+00
62 56 -2.4888888888889e+00
63 56  2.2204460492503e-14
64 56 -1.3333333333333e-01
65 56 -8.8888888888881e-02
66 56  2.4424906541753e-15
108 56  1.3333333333332e-01
109 56 -1.1111111111109e-01
112 56 -5.3333333333324e-01
113 56  4.4444444444436e-01
119 56  1.3333333333331e-01
120 56  1.1111111111109e-01
121 56  1.7777777777768e-01
122 56 -4.6629367034257e-15
123 56 -5.3333333333333e-01
124 56 -4.4444444444436e-01
125 56 -2.4888888888887e+00
126 56 -8.8817841970013e-16
127 56  1.3333333333333e-01
128 56 -8.8888888888883e-02
129 56  1.1102230246252e-15
37 57 -1.7763568394003e-15
38 57 -1.1111111111107e+00
39 57  1.1111111111110e-01
40 57  1.9999999999996e-01
43 57 -4.4444444444446e-01
44 57 -5.3333333333322e-01
52 57 -1.9539925233403e-14
53 57 -1.1111111111108e+00
54 57 -1.1111111111110e-01
55 57  1.9999999999997e-01
56 57  1.0658141036401e-14
57 57  5.3333333333325e+00
58 57  4.4444444444445e-01
59 57 -5.3333333333321e-01
60 57 -6.6613381477509e-16
61 57 -1.7777777777778e-01
62 57  2.0428103653103e-14
63 57 -7.1111111111124e-01
64 57  5.5511151231258e-16
65 57  6.6613381477509e-16
66 57  4.4444444444432e-02
108 57 -1.1111111111110e-01
109 57  1.9999999999999e-01
112 57  4.4444444444446e-01
113 57 -5.3333333333327e-01
119 57  1.1111111111110e-01
120 57  1.9999999999997e-01
121 57 -4.4408920985006e-15
122 57 -1.7777777777780e-01
123 57 -4.4444444444446e-01
124 57 -5.3333333333331e-01
125 57  1.7763568394003e-15
126 57 -7.1111111111106e-01
127 57 -4.4408920985006e-16
128 57  4.4408920985006e-16
129 57  4.4444444444438e-02
37 58  1.9999999999997e-01
38 58 -1.1111111111110e-01
39 58  1.9999999999996e-01
40 58  1.1111111111110e-01
43 58 -1.7777777777780e-01
44 58  1.5543122344752e-15
52 58 -1.1111111111110e+00
53 58  1.0658141036401e-14
54 58 -1.1111111111107e+00
55 58 -1.0658141036401e-14
56 58 -5.3333333333320e-01
57 58  4.4444444444445e-01
58 58  5.3333333333326e+00
59 58 -1.7587783081770e-14
60 58 -5.3333333333322e-01
61 58 -4.4444444444445e-01
62 58 -7.1111111111112e-01
63 58 -6.4392935428259e-15
64 58  5.5511151231259e-17
65 58  4.4444444444433e-02
66 58  4.5796699765788e-16
67 58  1.9999999999998e-01
68 58  1.1111111111110e-01
69 58  1.9999999999998e-01
70 58 -1.1111111111110e-01
71 58 -5.3333333333329e-01
72 58 -4.4444444444446e-01
73 58 -1.7777777777777e-01
74 58  5.1810407815872e-16
75 58 -5.3333333333338e-01
76 58  4.4444444444448e-01
77 58 -7.1111111111104e-01
78 58  1.7319479184152e-14
79 58 -1.2880643054216e-15
80 58  4.4444444444441e-02
81 58  4.1633363423443e-16
37 59 -1.1111111111109e-01
38 59  1.3333333333330e-01
39 59  1.1111111111109e-01
40 59  1.3333333333330e-01
43 59  1.4432899320127e-15
44 59  1.7777777777768e-01
52 59  1.0658141036401e-14
53 59 -8.8888888888931e-02
54 59 -1.5987211554602e-14
55 59 -8.8888888888667e-02
56 59  4.4444444444434e-01
57 59 -5.3333333333321e-01
58 59 -1.7587783081770e-14
59 59  6.3999999999995e+00
60 59 -4.4444444444435e-01
61 59 -5.3333333333328e-01
62 59 -4.3298697960381e-15
63 59 -2.4888888888887e+00
64 59 -1.3333333333333e-01
65 59  2.3592239273285e-15
66 59 -8.8888888888882e-02
67 59  1.1111111111109e-01
68 59  1.3333333333331e-01
69 59 -1.1111111111109e-01
70 59  1.3333333333331e-01
71 59 -4.4444444444436e-01
72 59 -5.3333333333324e-01
73 59  6.2912638062123e-16
74 59  1.7777777777773e-01
75 59  4.4444444444437e-01
76 59 -5.3333333333336e-01
77 59  1.3766765505352e-14
78 59 -2.4888888888887e+00
79 59  1.3333333333333e-01
80 59 -3.6776137690708e-15
81 59 -8.8888888888882e-02
60 60  1.0000000000000e+00
61 61  1.0000000000000e+00
37 62 -5.3333333333329e-01
38 62  4.4444444444441e-01
39 62 -5.3333333333324e-01
40 62 -4.4444444444440e-01
43 62 -7.1111111111100e-01
44 62 -2.2204460492506e-16
52 62 -5.3333333333332e-01
53 62 -4.4444444444442e-01
54 62 -5.3333333333329e-01
55 62  4.4444444444441e-01
56 62 -2.4888888888889e+00
57 62  2.0428103653103e-14
58 62 -7.1111111111112e-01
59 62 -4.3298697960381e-15
60 62 -2.4888888888886e+00
61 62 -9.7699626167014e-15
62 62  8.5333333333326e+00
63 62 -8.3390084960727e-15
64 62  2.1094237467878e-15
65 62  1.7777777777777e-01
66 62  6.1062266354384e-16
37 63  4.4444444444441e-01
38 63 -5.3333333333325e-01
39 63 -4.4444444444440e-01
40 63 -5.3333333333326e-01
43 63 -1.2212453270877e-15
44 63 -2.4888888888886e+00
52 63 -4.4444444444442e-01
53 63 -5.3333333333326e-01
54 63  4.4444444444441e-01
55 63 -5.3333333333332e-01
56 63  2.2204460492503e-14
57 63 -7.1111111111124e-01
58 63 -6.4392935428259e-15
59 63 -2.4888888888887e+00
60 63 -7.1054273576010e-15
61 63 -7.1111111111096e-01
62 63 -8.3390084960727e-15
63 63  8.5333333333326e+00
64 63  4.4408920985006e-16
65 63 -1.0053686278549e-15
66 63  1.7777777777776e-01
37 64  3.3333333333331e-02
38 64 -3.3333333333327e-02
39 64 -3.3333333333329e-02
40 64 -3.3333333333333e-02
43 64  3.6082248300318e-16
44 64 -1.3333333333333e-01
52 64  3.3333333333333e-02
53 64  3.3333333333327e-02
54 64 -3.3333333333330e-02
55 64  3.3333333333333e-02
56 64  1.3333333333333e-01
57 64 -5.5511151231258e-16
58 64 -5.5511151231259e-17
59 64  1.3333333333333e-01
60 64 -1.3333333333333e-01
61 64 -1.1102230246252e-16
62 64 -2.1094237467878e-15
63 64 -4.4408920985006e-16
37 65  2.2222222222220e-02
38 65 -3.3333333333328e-02
39 65  2.2222222222219e-02
40 65  3.3333333333331e-02
43 65 -4.4444444444440e-02
44 65  2.7894353493707e-15
52 65  2.2222222222220e-02
53 65  3.3333333333328e-02
54 65  2.2222222222218e-02
55 65 -3.3333333333332e-02
56 65  8.8888888888881e-02
57 65 -6.6613381477509e-16
58 65 -4.4444444444433e-02
59 65 -2.3592239273285e-15
60 65  8.8888888888884e-02
61 65  3.3306690738755e-16
62 65 -1.7777777777777e-01
63 65  1.0053686278549e-15
37 66 -3.3333333333331e-02
38 66  2.2222222222217e-02
39 66  3.3333333333329e-02
40 66  2.2222222222220e-02
43 66  2.9143354396410e-16
44 66  8.8888888888881e-02
52 66  3.3333333333331e-02
53 66  2.2222222222216e-02
54 66 -3.3333333333330e-02
55 66  2.2222222222221e-02
56 66 -2.4424906541753e-15
57 66 -4.4444444444432e-02
58 66 -4.5796699765788e-16
59 66  8.8888888888882e-02
60 66  2.4424906541753e-15
61 66 -4.4444444444440e-02
62 66 -6.1062266354384e-16
63 66 -1.7777777777776e-01
67 67  1.0000000000000e+00
68 68  1.0000000000000e+00
69 69  1.0000000000000e+00
70 70  1.0000000000000e+00
52 71 -8.8888888888662e-02
53 71  5.3290705182007e-15
54 71  1.3333333333330e-01
55 71  1.1111111111109e-01
58 71 -5.3333333333329e-01
59 71 -4.4444444444436e-01
67 71 -8.8888888888883e-02
68 71 -5.3290705182007e-15
69 71  1.3333333333333e-01
70 71 -1.1111111111109e-01
71 71  6.3999999999994e+00
72 71  0.0000000000000e+00
73 71 -5.3333333333325e-01
74 71  4.4444444444436e-01
75 71  1.7777777777768e-01
76 71  4.6629367034257e-15
