function yp=bkt_3(t,y)
% Subroutine for Example 10.2.2;     4/1/02
%
K=[-3.5608 .8588 -1.9685 -9.8882];
A=[-.254 -1.76 0 .322; 2.55 -.76 -.35 0; ...
   -9.08 2.19 -8.4 0; 0 0 1 0];
B=[.1246 -4.6 2.55 0]'; 
yp=(A-B*K)*y;