r = 0.15;
l = 50000;                               
n = 20;                                  
p = r * l * (1 + r / 12) ^ (12 * n) / ...
   (12 * ((1 + r / 12) ^ (12 * n) - 1)) 