a11=-0.16
a12=0.08
a21=4.5
a22=-0.9