x(0)=4
y(0)=4