A=[0.2 0.2 0.1 0
    0.4 0 0.4 0.3
    0.6 0.6 0.6 0
    0.7 0.8 0.7 1];

B=[0.2
    0.4
    0.6
    0.7];