Rm=[0.8 0.2 0.8
0.3 0.5 0.7
0.5 0.6 0.6]
Rn=[0.1 0.7 0.2
0.7 0.5 0.2
0.4 0.3 0.2]
Sm=[0.2 0.9
0.3 0.8
0.4 0.5]
Sn=[0.8 0.1
0.6 0.2
0.5 0.4]