% input matrices for R * S =T
% see fre

R = [0    0.3000    0.4000
    0.2000    0.5000    0.3000
    0.8000         0         0
    0.7000    0.7000    0.9000]

T =[0.4 0.3 0.4 0.4
    0.5 0.5 0.3 0.5
    0 0.8 0.7 0
    0.7 0.7 0.7 0.9]
        
