S=[0.1 0.28 0.42
    0.525 0.98 0.75
    0.88 0.76 0.79];

V=[0.69 0.72 0.76
    0.85 0.91 0.95
    0.78 0.84 0.82];