A =[0.9000    0.4000         0    0.9000    0.9000
         0    0.8000    0.2000         0    0.2000
         0    0.7000    0.6000    0.7000         0]
B =[0.9000
    0.2000
    0.6000]
C=[0.8 1 0 12 3];