% input data for max - min composition

A =[0.9 0.4 0.4 0.4
    0.2 0.8 0.0 0.6
    0.6 0.7 0.8 0.7];

B =[0.8 0.8
    0.5 0.0
    0.2 0.6
    0.6 0.3];