Ym=[0.00,  0.80
    0.80,  0.60
    0.60,  0.10];

Yn=[0.90,  0.00
    0.10,  0.20
    0.40,  0.90];

