A=[0 0.8 0.8 0 0 0.8 0 0 0
   0 0 0.8 0 0 0.8 0 0.8 0
    0 0.8 0 0 0 0 0.8 0 0.8]
B=[0.8
    0.8
    0.8]