A1=[0.4 0.7 0.6 0.9 1.0
0.5 0.6 0.3 0.95 0.7
0.45 0.7 0.8 0.6 1.0
0.5 0.7 0.8 0.8 1.0
0.5 0.2 0.8 0.8 1.0];

X1=[0.5 0.7 0.8 0.9 1.0];

A=A1'
B=X1'

% Guu