
ab12=[0.9 0 0.9 0 0.9 0 0 0.9
    0 0.8 0 0.8 0 0 0 0.8
    0 0 0 0 0 0.7 0.7 0.7];
A=ab12(:,1:7);
B=ab12(:,8);

% 12 low solutions
