A=[0.3 0.9 0.9 0.4 0.2
    0.7 0  0.9 0.4 0.7
    0.6 0.1 0 0.8 0.5
    0.8 0.7 0.4 0.2 0.7
    0.4 0.1 0.2 0.5 0.1];
B=[0.9
    0.9
    0.7
    0.7
    0.5];