a=[0	1	1	0	0	0	1	0	1
0	0	0.9	0	0	0.9	0.9	0	0.9
0	0	0.9	0	0	0.9	0.9	0	0.9
0.8	0	0	0.8	0	0.8	0	0.8	0.8
0.7	0	0.7	0.7	0	0.7	0	0.7	0.7
0	0.6	0	0.6	0	0.6	0	0	0.6
0	0.5	0	0.5	0	0.5	0	0	0.5
0	0.5	0	0.5	0	0.5	0.5	0	0.5
0	0.4	0	0	0	0	0	0	0.4
0	0.3	0	0	0	0	0	0	0.3];
A=a(:,1:8);
B=a(:,9);
