kl=[0	0.3	0.4	0.4
0.2	0.5	0.3	0.5
0.8	0	0	0
0.7	0.7	0.9	0.7];

A=kl(1:4,1:3);

B=kl(1:4,4);


