% 81 min solutions

ab81=[0.9 0.9 0.9 0 0 0 0 0 0 0 0 0 0.9
       0 0 0 0.8 0.8 0.8 0 0 0 0 0 0 0.8
       0 0 0 0 0 0 0.7 0.7 0.7 0 0 0 0.7
       0 0 0 0 0 0 0 0 0 0.6 0.6 0.6 0.6];
A=ab81(:,1:12);
B=ab81(:,13);