data=[0	0	0	0	0	0	0	0.95	0	0	0	0	0	0.95
0.95	0.95	0.95	0.83	0.2	0.4	0.33	0.95	0.95	1.0	0	0	0	0.95
0	0	0	1	1	0	1	0.9	0	0	0	1	0	0.9
0.89	0.89	1.0	0.89	0.89	0.89	0.89	0.89	1.0	0.89	0.89	0.89	1	0.89
0	0	0	0.85	0	0	0.85	0.85	0	0	0	0.85	0	0.85
0	0	0	0.85	0	0	0	0.85	0	0	0	0	0	0.85
0.85	0.85	0.85	0.85	0.85	0.85	0.85	0.85	0.85	0	0	0	0	0.85
0	0	0.95	0	0	0	0.8	0	0.8	0	0	0	0	0.8
0.9	0.9	0.8	0	1	1	0	0	0	0	1	0	1	0.8
0.95	0.95	0.8	0	0	0	0	0.8	0	0	0	0	0	0.8
0	0	0.7	0	0	0	0	0	0	0.7	1	0.7	0	0.7
0	0.7	0.7	0	0	0	0	0	0.7	1	1	0.7	0	0.7
0	0	0.7	0	0	0.7	0	0	0	0	0	0	0	0.7
0	0.65	0	0	0	0	0	0	0.65	0.65	0	0	1	0.65
0	0.65	0.65	0.65	0.65	0.65	0.65	0.65	0.65	0.65	0.5	0	1	0.65
0.6	0.6	0.6	0.6	0	0.6	0.6	0.6	0	0	0.6	0	0	0.6
0	0.6	0	0.6	1	0.6	0.6	0	0	1	0.5	0	1	0.6
0	0.6	0.6	0.6	1	0	0.6	0	0.6	1	0.5	0.6	0	0.6
0.5	0.5	0.5	0.5	1	0.5	0.5	0.5	0.5	1	0.5	0.5	1	0.5
0.5	0.5	0.5	0.5	0.5	0.5	0.5	0	0	0.5	0	0.5	0	0.5
0.5	0.5	0.5	0	0	0.4	0	0	0	0.5	0.5	0.5	0	0.5
0.5	0.4	0.4	0.4	0.4	0.4	0.4	0.4	0.4	1	0.4	0.4	0.4	0.4
0.5	0	0	0.4	0.4	0	0	0	0.4	0	0	0	0.4	0.4
0.5	0	0	0	0.4	0	0	0	0.4	1	0	0	0.4	0.4
0.3	0.3	0.3	0.3	0.3	0.3	0.3	0.3	0.3	1	0.3	0.3	0.3	0.3
0.3	0.3	0	0	0	0	0	0	0	0	0.3	0.3	0	0.3
0.3	1	1	1	0.3	0	1	0.2	0.2	0.2	0.3	0	0	0.3
0	0.3	0	0	0.2	0	0	0	0	0	0	0	0	0.3
0.2	0.2	0.2	0.2	0.2	0.2	0	0.2	0.2	1	0.2	0.2	0.2	0.2
0.2	0.2	0.2	0.2	0.2	0.2	0.2	0.2	0.2	0.2	0.2	0	0.2	0.2
0.2	0	0.2	0	0.2	0	0.2	0	0.2	0	0.2	0	0.2	0.2
0.89	0.1	0.1	0.1	0.1	0.1	0.1	0.1	0.1	0.1	0.1	0.1	0.2	0.1];
A=data(1:32,1:13);
B=data(1:32,14);
