A=[0.3 0.2 0.7 0.8
0.5 0.4 0.4 0.9
0.7 0.3 0.2 0.7
0.9 0.6 0.1 0.2
0.8 0.5 0.6 0.4]
B=[0.7
0.4
0.4
0.3
0.6]
