A=[0.3	0.7	0.6	0.1
0.5	0.8	0.2	0.4
0.6	0.3	0.9	0.2];



B=[0.6			
0.4
0.6];
