function [nondimT,nondimSFC,nondimTau] = aeroblkturbofandata
% AEROBLKTURBOFANDATA - Aerospace Blockset turbofan engine model 
%  block helper function containing engine data.  Data is from
%

%   Copyright 1990-2002 The MathWorks, Inc.
%   $Revision: 1.1 $  $Date: 2002/03/22 20:45:40 $

%
% nondimensional thrust at full throttle varing Mach
%
T_full = [1.0 0.92 0.84 0.76 0.68 0.6 0.58 0.56 0.54 0.52 0.5];
%
% nondimensional thrust at zero throttle
%
T_zero = zeros(1,11);
%
% Create nondimensional table of thrust
%
nondimT = [T_zero;T_full;];
%
% nondimensional SFC at partial throttle varing Thrust and Mach
% at altitude of 0k (sea level)
%
nondimSFC = ...
     [2.0600 2.1600 2.3100 2.8300 2.9700 3.1100 3.3500 3.5900 3.6200 3.6600 3.7000; ...
      1.8437 1.9437 2.0937 2.5565 2.6965 2.8365 3.0597 3.2997 3.3297 3.3697 3.4097; ...
      1.6618 1.7618 1.9118 2.3228 2.4628 2.6028 2.8092 3.0492 3.0792 3.1192 3.1592; ...
      1.5104 1.6104 1.7604 2.1248 2.2648 2.4048 2.5948 2.8348 2.8648 2.9048 2.9448; ...
      1.3861 1.4861 1.6361 1.9587 2.0987 2.2387 2.4130 2.6530 2.6830 2.7230 2.7630; ...
      1.2854 1.3854 1.5354 1.8206 1.9606 2.1006 2.2603 2.5003 2.5303 2.5703 2.6103; ...
      1.2052 1.3052 1.4552 1.7074 1.8474 1.9874 2.1335 2.3735 2.4035 2.4435 2.4835; ...
      1.1425 1.2425 1.3925 1.6156 1.7556 1.8956 2.0295 2.2695 2.2995 2.3395 2.3795; ...
      1.0948 1.1948 1.3448 1.5425 1.6825 1.8225 1.9455 2.1855 2.2155 2.2555 2.2955; ...
      1.0594 1.1594 1.3094 1.4851 1.6251 1.7651 1.8789 2.1189 2.1489 2.1889 2.2289; ...
      1.0342 1.1342 1.2842 1.4410 1.5810 1.7210 1.8271 2.0671 2.0971 2.1371 2.1771; ...
      1.0170 1.1170 1.2670 1.4079 1.5479 1.6879 1.7879 2.0279 2.0579 2.0979 2.1379; ...
      1.0061 1.1061 1.2561 1.3837 1.5237 1.6637 1.7592 1.9992 2.0292 2.0692 2.1092; ...
      0.9999 1.0999 1.2499 1.3666 1.5066 1.6466 1.7390 1.9790 2.0090 2.0490 2.0890; ...
      0.9969 1.0969 1.2469 1.3548 1.4948 1.6348 1.7256 1.9656 1.9956 2.0356 2.0756; ...
      0.9959 1.0959 1.2459 1.3470 1.4870 1.6270 1.7176 1.9576 1.9876 2.0276 2.0676; ...
      0.9961 1.0961 1.2461 1.3421 1.4821 1.6221 1.7134 1.9534 1.9834 2.0234 2.0634; ...
      0.9968 1.0968 1.2468 1.3390 1.4790 1.6190 1.7120 1.9520 1.9820 2.0220 2.0620; ...
      0.9972 1.0972 1.2472 1.3370 1.4770 1.6170 1.7123 1.9523 1.9823 2.0223 2.0623; ...
      0.9973 1.0973 1.2473 1.3357 1.4757 1.6157 1.7136 1.9536 1.9836 2.0236 2.0636; ...
      0.9969 1.0969 1.2469 1.3346 1.4746 1.6146 1.7152 1.9552 1.9852 2.0252 2.0652; ...
      0.9961 1.0961 1.2461 1.3339 1.4739 1.6139 1.7168 1.9568 1.9868 2.0268 2.0668; ...
      0.9954 1.0954 1.2454 1.3335 1.4735 1.6135 1.7180 1.9580 1.9880 2.0280 2.0680; ...
      0.9952 1.0952 1.2452 1.3340 1.4740 1.6140 1.7188 1.9588 1.9888 2.0288 2.0688; ...
      0.9964 1.0964 1.2464 1.3359 1.4759 1.6159 1.7194 1.9594 1.9894 2.0294 2.0694; ...
      1.0000 1.1000 1.2500 1.3400 1.4800 1.6200 1.7200 1.9600 1.9900 2.0300 2.0700];

% define nondimensional time constant
% (at 64% power and above use fastest time constant)
%
nondimTau = [5.18 4.14 3.32  2.68 2.19 1.83 1.56 ...
             1.33 1.23 1.15  1.10 1.06 1.04 1.03 ...
             1.02 1.01 1.00 ones(1,9)];
    
% end aeroblkturbfandata