%HIGHJUMP                                          last updated 7/13/93
%          Loads the Olympic data for the men's high jump.
%          Column x contains the date and column y the winning height
%          in inches.
%
%          Use in the form   -->  highjump  <--
%
%By: David R. Hill, Math. Dept.
%    Temple University, Philadelphia, Pa,. 19122

x=[1896
1900
1904
1908
1912
1920
1924
1928
1932
1936
1948
1952
1956
1960
1964
1968
1972
1976
1980
1984
1988
1992];

y=[71.25
74.75
71
75
76
76.25
78
76.5
77.625
80
78
80.2
83.5
85
85.75
88.25
87.75
88.5
92.75
92.5
93.5
92];
