%LONGJUMP                                          last updated 7/13/93
%          Loads the Olympic data for the men's long jump.
%          Column x contains the date and column y the winning height
%          in inches.
%
%          Use in the form   -->  longjump  <--
%
%By: David R. Hill, Math. Dept.
%    Temple University, Philadelphia, Pa,. 19122

x=[1896
1900
1904
1908
1912
1920
1924
1928
1932
1936
1948
1952
1956
1960
1964
1968
1972
1976
1980
1984
1988
1992];

y=[250
282.75
289
294.5
299.25
281.5
293
304.5
300.75
317.5
308
298
308.25
319.75
317.75
350.5
324.5
328.5
336.25
336.25
343.25
341.5];
