%M1500run                                          last updated 7/13/93
%          Loads the Olympic data for the men's 1500 meter run.
%          Column x contains the date and column y the winning times
%          in seconds.
%
%          Use in the form   -->  m1500run  <--
%
%By: David R. Hill, Math. Dept.
%    Temple University, Philadelphia, Pa,. 19122

x=[1896
1900
1904
1908
1912
1920
1924
1928
1932
1936
1948
1952
1956
1960
1964
1968
1972
1976
1980
1984
1988
1992];

y=[273.2
246
245.4
243.4
236.8
241.8
233.6
233.2
231.2
227.8
229.8
 225.2
 221.2
 215.6
 218.1
 214.9
 216.3
 219.17
 218.4
 212.53
 215.96
 220.12];


