%Matriz de enlaces del grafo G8.
ME =[2     3     0     0
     3     4     0     0
     2     4     6     0
     5     6     7     0
     4     6     7     0
     4     5     7     8
     4     5     6     8];
 
e =[2     2     3     3     3     4     4  0];