%Matrices ternarias de G8
M1 =[1     1     1     1     1
     2     2     3     3     3
     3     4     2     4     5]
 
M2 =[2     2     2     2     2
     3     3     4     4     4
     4     5     5     6     7]
 
M3 =[3     3     3     3     3     3     3
     2     4     4     4     5     5     5
     4     5     6     7     4     6     7]
 
M4 =[4     4     4     4     4     4     4     4
     5     5     6     6     6     7     7     7
     6     7     5     7     8     5     6     8]
 
M5 =[5     5     5     5     5     5     5     5
     4     4     6     6     6     7     7     7
     6     7     4     7     8     4     6     8]
 
M6 = [6     6     6     6     6     6     6
     4     4     5     5     7     7     7
     5     7     4     7     4     5     8]
 
M7 =[7     7     7     7     7     7     7
     4     4     5     5     6     6     6
     5     6     4     6     4     5     8]
     
     
     