%Matriz de grafo G8 de Matematicas Discretas Schaum 
 MR=[0     1     1     0     0     0     0     0
     0     0     1     1     0     0     0     0
     0     1     0     1     1     0     0     0
     0     0     0     0     1     1     1     0
     0     0     0     1     0     1     1     0
     0     0     0     1     1     0     1     1
     0     0     0     1     1     1     0     1
     0     0     0     0     0     0     0     0]