function P=poli2
P=[1 3 3 1 1;3 3 1 1 3]