%Matriz de rutas de 5 vértices o 4 lados para G8
%Enlaces para G8
  v1=[2,3]; v2=[3,4]; v3=[2,4,6]; v4=[5,6,7];
  v5=[4,6,7]; v6=[4,5,7,8]; v7=[4,5,6,8];
%Matriz de rutas que pasan por 5 vèrtices.  
  D=[1     2     3     4     5
     1     2     3     4     6
     1     2     3     4     7
     1     2     3     5     4
     1     2     3     5     6
     1     2     3     5     7
     1     2     4     5     6
     1     2     4     5     7
     1     2     4     6     5
     1     2     4     6     7
     1     2     4     6     8
     1     2     4     7     5
     1     2     4     7     6
     1     2     4     7     8
     1     3     2     4     5
     1     3     2     4     6
     1     3     2     4     7
     1     3     4     5     6
     1     3     4     5     7
     1     3     4     6     5
     1     3     4     6     7
     1     3     4     6     7
     1     3     4     7     5
     1     3     4     7     6
     1     3     4     7     8
     1     3     5     4     6
     1     3     5     4     7
     1     3     5     6     4
     1     3     5     6     7
     1     3     5     6     8
     1     3     5     7     4
     1     3     5     7     6
     1     3     5     7     8]