     vw=[2.0161    4.8392
         2.6843    7.5000
         4.1820    6.0673
         5.1728    8.6988
         7.5922    5.5409
         6.4862    3.4942
         5.2650    4.6637
         5.0806    2.7632
         3.9977    4.0789
         3.6290    2.7632
         3.1912    4.1374
         2.5461    3.2018
         2.0161    4.8392]
